[INFO] Iteration 16384.
[INFO] Current time 2025-03-06T11:53:09.817.
[INFO] Elapsed time 21.178579092025757 seconds.
[INFO] Acceptance ratio 0.22674560546875.
[INFO] Number of proposed samples with infinite loglikelihood: 0 of the last 16384 iterations.
[INFO] Remaining time 604778.8214030266 seconds
[INFO] Remaining iterations 814688
[INFO] Current sample [1.9694210664113607, 16.554444399505208, 4.261337129757523, 4.626474978776453, 3.1913698759741327, 3.3985608279313197, 3.3178678034875757, 2.8932031571946757, 2.141749485543196, 1.7976294262662655, 1.4953360294515023, 0.8400026566696344, 0.6612101430740612, 0.4492256455245655, 0.357870353118327, 0.32120810337636563, -726.4497167380996].
[INFO] Current loglikelihood -720.4277609245718.
[INFO] Adapting proposal at iteration 16384.
[INFO] Proposal at iteration 16384: MutableMvNormal{FullNormal}(FullNormal(
dim: 16
μ: [1.9694210664113607, 16.554444399505208, 4.261337129757523, 4.626474978776453, 3.1913698759741327, 3.3985608279313197, 3.3178678034875757, 2.8932031571946757, 2.141749485543196, 1.7976294262662655, 1.4953360294515023, 0.8400026566696344, 0.6612101430740612, 0.4492256455245655, 0.357870353118327, 0.32120810337636563]
Σ: [0.04165966797075599 -0.03589343530903105 0.02759042579638557 0.015036497247691542 0.014109833055183601 0.006346363868041005 0.011825306564272607 0.002571697311792591 -0.001261507023190141 0.0015576384529706253 -0.001996603903395722 -0.00248401466503899 -0.00176364116136824 -0.001875719033660398 -0.00022616610215328052 -0.00027293465732179564; -0.03589343530903105 2.6202471556608327 0.6440424587230927 0.659265497647919 0.43510252091797985 0.36486218664150427 0.35078509694942395 0.3164649640214009 0.18556450759887658 0.13245341898300467 0.09687234505815519 0.04062838734176063 0.0010929048227725985 -0.01638746038512684 -0.03631623072911872 -0.04961060571438306; 0.02759042579638557 0.6440424587230927 0.3378828234201372 0.20206452087259316 0.12416400570437036 0.10018813600356684 0.10246673163222662 0.08342655627324519 0.046030571211134935 0.03636119150718359 0.023541582894189995 0.008397087181737345 -0.0010375921546843627 -0.006177641538678773 -0.00941174043280146 -0.013285709306870949; 0.015036497247691542 0.659265497647919 0.20206452087259316 0.2308234537149587 0.13347804507544095 0.09752904508198537 0.09795929256796607 0.08394898324121844 0.047086132098978085 0.03537831997638242 0.02390675785523664 0.009246095939969919 -0.0006289421945455967 -0.005246637705140721 -0.009100833251012765 -0.013121969178062104; 0.014109833055183601 0.43510252091797985 0.12416400570437036 0.13347804507544095 0.1126016216440797 0.06725016271129505 0.06587449243969026 0.05675670960015048 0.03162394322538394 0.023225696180258472 0.01567171508529582 0.005891585554468357 -0.0005982470196492496 -0.0037324742739106727 -0.006216673893094216 -0.008718785764158559; 0.006346363868041005 0.36486218664150427 0.10018813600356684 0.09752904508198537 0.06725016271129505 0.06575650604564152 0.05265343385913266 0.0456848069779515 0.02624713422272158 0.019253930784935012 0.013299304461112368 0.005019986805489948 -0.0002836454278089911 -0.0028819722539929317 -0.005338518409027155 -0.007168144587642902; 0.011825306564272607 0.35078509694942395 0.10246673163222662 0.09795929256796607 0.06587449243969026 0.05265343385913266 0.05947698943246523 0.04444758132409643 0.0254959349596186 0.018982508144029703 0.012690929131863605 0.004709524903940993 -0.0005328888758666622 -0.003023055389400464 -0.0050601603346650615 -0.0069481320695944085; 0.002571697311792591 0.3164649640214009 0.08342655627324519 0.08394898324121844 0.05675670960015048 0.0456848069779515 0.04444758132409643 0.04196741557581962 0.022500617833414914 0.016612110456648906 0.01158481881647264 0.004569370216506328 -0.000212116831658832 -0.002314045820969287 -0.004529627348825612 -0.006168656950741468; -0.001261507023190141 0.18556450759887658 0.046030571211134935 0.047086132098978085 0.03162394322538394 0.02624713422272158 0.0254959349596186 0.022500617833414914 0.013944526924879928 0.009439467556387112 0.006861532087113995 0.0028132326685561017 5.320779784151913e-5 -0.0012358098572305383 -0.002567166379636754 -0.003514457917818604; 0.0015576384529706253 0.13245341898300467 0.03636119150718359 0.03537831997638242 0.023225696180258472 0.019253930784935012 0.018982508144029703 0.016612110456648906 0.009439467556387112 0.007518041685273879 0.004814766635635647 0.0019313662538483687 -9.828571560743987e-5 -0.0009843796894699235 -0.0018628880654678547 -0.0025555770618425114; -0.001996603903395722 0.09687234505815519 0.023541582894189995 0.02390675785523664 0.01567171508529582 0.013299304461112368 0.012690929131863605 0.01158481881647264 0.006861532087113995 0.004814766635635647 0.0038985467215287154 0.001511291680235519 7.607072785997765e-5 -0.0005613711657567492 -0.0013362734678500528 -0.0017987694034718132; -0.00248401466503899 0.04062838734176063 0.008397087181737345 0.009246095939969919 0.005891585554468357 0.005019986805489948 0.004709524903940993 0.004569370216506328 0.0028132326685561017 0.0019313662538483687 0.001511291680235519 0.0008823974913034683 7.549690061321513e-5 -0.00013754855104900396 -0.000503119402751203 -0.0006992387450974832; -0.00176364116136824 0.0010929048227725985 -0.0010375921546843627 -0.0006289421945455967 -0.0005982470196492496 -0.0002836454278089911 -0.0005328888758666622 -0.000212116831658832 5.320779784151913e-5 -9.828571560743987e-5 7.607072785997765e-5 7.549690061321513e-5 0.0002250801100712732 6.545747271909781e-5 4.7592319155919074e-5 3.233350191413521e-5; -0.001875719033660398 -0.01638746038512684 -0.006177641538678773 -0.005246637705140721 -0.0037324742739106727 -0.0028819722539929317 -0.003023055389400464 -0.002314045820969287 -0.0012358098572305383 -0.0009843796894699235 -0.0005613711657567492 -0.00013754855104900396 6.545747271909781e-5 0.0003463197739895214 0.00027426478341324544 0.0003845444463753424; -0.00022616610215328052 -0.03631623072911872 -0.00941174043280146 -0.009100833251012765 -0.006216673893094216 -0.005338518409027155 -0.0050601603346650615 -0.004529627348825612 -0.002567166379636754 -0.0018628880654678547 -0.0013362734678500528 -0.000503119402751203 4.7592319155919074e-5 0.00027426478341324544 0.0007213499162212184 0.000730890440791067; -0.00027293465732179564 -0.04961060571438306 -0.013285709306870949 -0.013121969178062104 -0.008718785764158559 -0.007168144587642902 -0.0069481320695944085 -0.006168656950741468 -0.003514457917818604 -0.0025555770618425114 -0.0017987694034718132 -0.0006992387450974832 3.233350191413521e-5 0.0003845444463753424 0.000730890440791067 0.0011897494438374912]
)
)
[INFO] Iteration 32768.
[INFO] Current time 2025-03-06T11:53:30.996.
[INFO] Elapsed time 42.3047981262207 seconds.
[INFO] Acceptance ratio 0.20989990234375.
[INFO] Number of proposed samples with infinite loglikelihood: 0 of the last 16384 iterations.
[INFO] Remaining time 604757.6951980591 seconds
[INFO] Remaining iterations 798304
[INFO] Current sample [2.912461217474037, 13.946746305937403, 3.886725327056138, 4.204985468229208, 2.573221217794784, 3.52365940236943, 3.133715590215458, 2.9462254960629597, 1.9140505892674873, 1.725134238829317, 1.443566845841192, 0.7890622128307461, 0.5842966850254323, 0.4133797583167417, 0.39052634767803135, 0.4025894733593985, -725.8780559656391].
[INFO] Current loglikelihood -720.925583184731.
[INFO] Adapting proposal at iteration 32768.
[INFO] Proposal at iteration 32768: MutableMvNormal{FullNormal}(FullNormal(
dim: 16
μ: [2.912461217474037, 13.946746305937403, 3.886725327056138, 4.204985468229208, 2.573221217794784, 3.52365940236943, 3.133715590215458, 2.9462254960629597, 1.9140505892674873, 1.725134238829317, 1.443566845841192, 0.7890622128307461, 0.5842966850254323, 0.4133797583167417, 0.39052634767803135, 0.4025894733593985]
Σ: [0.03834584081383037 -0.054150738846780566 0.024114975798368566 0.010394329319469363 0.008448544228180583 0.0035160877185790767 0.007165879788102186 -0.0014790112600880432 -0.0028534701785997946 0.0004572348211406085 -0.0026205999702745464 -0.0026297421839074084 -0.0017687024544452094 -0.001386330425901874 0.0003407281413880866 0.00014232051772381372; -0.054150738846780566 3.2785621560070557 0.8842954789050087 0.7821640058699909 0.5182905135872726 0.49102115968944543 0.45362874198474257 0.39228897061941714 0.2412209681155738 0.1636287963725848 0.12169640406898392 0.05173736518790984 0.004927444887615067 -0.022524336475092686 -0.04521942798671789 -0.06042782226777282; 0.024114975798368566 0.8842954789050087 0.4323854082637597 0.2586898001307781 0.15478746851736647 0.14502255683340173 0.1384116387024515 0.11058326000945587 0.06647300073241089 0.04800244397391273 0.03252934292282822 0.012565749009524011 4.850650596005077e-5 -0.007687029479686417 -0.012007197797110724 -0.01667652547824624; 0.010394329319469363 0.7821640058699909 0.2586898001307781 0.25548359724703834 0.1410682981785264 0.1234610869115566 0.11869231544379319 0.09654470042467404 0.05778611917628608 0.0413682117652022 0.028599835225315177 0.011422758987247195 0.0003436413594456063 -0.006198267805521881 -0.010653879002815026 -0.014608167709996572; 0.008448544228180583 0.5182905135872726 0.15478746851736647 0.1410682981785264 0.11471424041327535 0.08269611756196063 0.07938249233560335 0.06430658717070466 0.03851640427177231 0.027429123115454177 0.018938007634499116 0.007432743360930993 1.3352229015244903e-7 -0.004259504424226605 -0.007156188902400081 -0.009871734715993381; 0.0035160877185790767 0.49102115968944543 0.14502255683340173 0.1234610869115566 0.08269611756196063 0.08984527916638946 0.07281855217361735 0.06066775949079906 0.0361237670133829 0.02553634377827055 0.017904677432623615 0.007283586604636793 0.00020452674073630946 -0.003930310861868767 -0.006855685420549504 -0.009351470668981005; 0.007165879788102186 0.45362874198474257 0.1384116387024515 0.11869231544379319 0.07938249233560335 0.07281855217361735 0.07481055486579517 0.055470267592392986 0.03383127324920273 0.024115840741194636 0.016512985070388064 0.006454490261759701 8.264201428205968e-5 -0.0037625659598855437 -0.0062555541968166385 -0.008639513818749554; -0.0014790112600880432 0.39228897061941714 0.11058326000945587 0.09654470042467404 0.06430658717070466 0.06066775949079906 0.055470267592392986 0.049872398614627306 0.02887763183988094 0.019993560394343423 0.014462480743013326 0.005933797294734798 0.00036522260585667056 -0.002950358380248006 -0.005471176020749922 -0.007391923642902515; -0.0028534701785997946 0.2412209681155738 0.06647300073241089 0.05778611917628608 0.03851640427177231 0.0361237670133829 0.03383127324920273 0.02887763183988094 0.018572052095183283 0.012034317088753573 0.008930866278853852 0.0037892863702494494 0.0003224290648133937 -0.0017113533724366482 -0.0033175796658699475 -0.004434844920562086; 0.0004572348211406085 0.1636287963725848 0.04800244397391273 0.0413682117652022 0.027429123115454177 0.02553634377827055 0.024115840741194636 0.019993560394343423 0.012034317088753573 0.008938897466451712 0.005961615957476327 0.002442453089000431 0.00012664747717185023 -0.001269000901758635 -0.0022447548880967136 -0.00307485178436643; -0.0026205999702745464 0.12169640406898392 0.03252934292282822 0.028599835225315177 0.018938007634499116 0.017904677432623615 0.016512985070388064 0.014462480743013326 0.008930866278853852 0.005961615957476327 0.004913826454445282 0.0019367151580681654 0.00025718696523891474 -0.0007795108779474813 -0.0016091420087890598 -0.002180655359665162; -0.0026297421839074084 0.05173736518790984 0.012565749009524011 0.011422758987247195 0.007432743360930993 0.007283586604636793 0.006454490261759701 0.005933797294734798 0.0037892863702494494 0.002442453089000431 0.0019367151580681654 0.001059985866524489 0.00015080694197236645 -0.0002444388361498219 -0.000665647579631534 -0.0008862103870919357; -0.0017687024544452094 0.004927444887615067 4.850650596005077e-5 0.0003436413594456063 1.3352229015244903e-7 0.00020452674073630946 8.264201428205968e-5 0.00036522260585667056 0.0003224290648133937 0.00012664747717185023 0.00025718696523891474 0.00015080694197236645 0.0002600134924698531 6.337816135918421e-5 8.53441523906414e-6 -7.642114471739653e-6; -0.001386330425901874 -0.022524336475092686 -0.007687029479686417 -0.006198267805521881 -0.004259504424226605 -0.003930310861868767 -0.0037625659598855437 -0.002950358380248006 -0.0017113533724366482 -0.001269000901758635 -0.0007795108779474813 -0.0002444388361498219 6.337816135918421e-5 0.00037305397109025935 0.0003710007394347062 0.000501725711868242; 0.0003407281413880866 -0.04521942798671789 -0.012007197797110724 -0.010653879002815026 -0.007156188902400081 -0.006855685420549504 -0.0062555541968166385 -0.005471176020749922 -0.0033175796658699475 -0.0022447548880967136 -0.0016091420087890598 -0.000665647579631534 8.53441523906414e-6 0.0003710007394347062 0.0008754450467758429 0.0008959021301991827; 0.00014232051772381372 -0.06042782226777282 -0.01667652547824624 -0.014608167709996572 -0.009871734715993381 -0.009351470668981005 -0.008639513818749554 -0.007391923642902515 -0.004434844920562086 -0.00307485178436643 -0.002180655359665162 -0.0008862103870919357 -7.642114471739653e-6 0.000501725711868242 0.0008959021301991827 0.0014273284455337486]
)
)
[INFO] Iteration 49152.
[INFO] Current time 2025-03-06T11:53:50.039.
[INFO] Elapsed time 61.347161054611206 seconds.
[INFO] Acceptance ratio 0.1986083984375.
[INFO] Number of proposed samples with infinite loglikelihood: 0 of the last 16384 iterations.
[INFO] Remaining time 604738.6528229713 seconds
[INFO] Remaining iterations 781920
[INFO] Current sample [2.2633563735995947, 15.772785950753065, 5.118462933524646, 5.082617957444886, 3.1786465745275025, 3.37017885156082, 3.1864428291126017, 2.9646002601681887, 2.0501914604108746, 1.7950959906728081, 1.5230263939899757, 0.8711673066971382, 0.6167972991155629, 0.46279079793582617, 0.3585426287799582, 0.35071441385570734, -720.6757654615309].
[INFO] Current loglikelihood -714.3708863223957.
[INFO] Adapting proposal at iteration 49152.
[INFO] Proposal at iteration 49152: MutableMvNormal{FullNormal}(FullNormal(
dim: 16
μ: [2.2633563735995947, 15.772785950753065, 5.118462933524646, 5.082617957444886, 3.1786465745275025, 3.37017885156082, 3.1864428291126017, 2.9646002601681887, 2.0501914604108746, 1.7950959906728081, 1.5230263939899757, 0.8711673066971382, 0.6167972991155629, 0.46279079793582617, 0.3585426287799582, 0.35071441385570734]
Σ: [0.03575970063040847 -0.03610638631670174 0.02693620837782718 0.015219527044466939 0.009491881909648725 0.005142311231991233 0.009114799330740062 0.00018522252228244065 -0.0018074803996402091 0.0011624013365708358 -0.0020147560048940556 -0.0023438616357124363 -0.001608299023492321 -0.001439065147699525 -0.0001472763309638521 -0.0003322137074282838; -0.03610638631670174 2.1912760085513114 0.5447324592386139 0.4351705591392318 0.31112241662412427 0.32847574009277564 0.2967619937622209 0.2647143806676094 0.1539520259028437 0.11157290060095981 0.08341726479827757 0.03313667236833443 0.0042794114053971745 -0.014630357447009931 -0.03215540970699633 -0.041857972747031624; 0.02693620837782718 0.5447324592386139 0.3115060182014868 0.1425273356424305 0.08559189233058213 0.09141356722432994 0.08770041618560777 0.0700114295122063 0.038176080578537726 0.03113515254428068 0.020134547935538188 0.006301960164510747 -0.00033979156242909357 -0.005566716357235126 -0.008783647200025295 -0.01150159641184964; 0.015219527044466939 0.4351705591392318 0.1425273356424305 0.16160855018407233 0.07618922924094466 0.07360312548709369 0.06866667283240362 0.05504676890398711 0.030833971901793912 0.024124038029564924 0.015732185066887415 0.0052144760856038174 -0.0003142954380610576 -0.003906468231631829 -0.007068473799501429 -0.009045986134341112; 0.009491881909648725 0.31112241662412427 0.08559189233058213 0.07618922924094466 0.07793957215787108 0.051270856491454284 0.04858318160190335 0.03939263663633349 0.02215023969380348 0.017204553944990934 0.011748732933771659 0.003840970651617882 3.630570505406738e-5 -0.002927123005779573 -0.004870992804794561 -0.006248369493921902; 0.005142311231991233 0.32847574009277564 0.09141356722432994 0.07360312548709369 0.051270856491454284 0.06661757689456654 0.04797487536652944 0.04079326736226378 0.02337947477567698 0.01771663058156402 0.012287722642170304 0.004348019461222377 9.852713340219761e-5 -0.0026809943975453754 -0.0051352002111780416 -0.006691851399138228; 0.009114799330740062 0.2967619937622209 0.08770041618560777 0.06866667283240362 0.04858318160190335 0.04797487536652944 0.05159417908951959 0.03687455965603326 0.02141734054580032 0.016264072409896937 0.010997781177451833 0.0037889554425600334 -5.016585289574112e-5 -0.0026555476047352596 -0.004657928252315604 -0.005968888576452068; 0.00018522252228244065 0.2647143806676094 0.0700114295122063 0.05504676890398711 0.03939263663633349 0.04079326736226378 0.03687455965603326 0.03498712523132174 0.018521638396507344 0.013830056934181385 0.009990071466002542 0.0037757546877157737 0.0003704964421855456 -0.0019390518012355183 -0.0038911339215645683 -0.005203788797646884; -0.0018074803996402091 0.1539520259028437 0.038176080578537726 0.030833971901793912 0.02215023969380348 0.02337947477567698 0.02141734054580032 0.018521638396507344 0.011579871124344365 0.00784057525772193 0.005842161178600914 0.002269270709577063 0.00027997756437700357 -0.0010853191635716555 -0.0022711285513193646 -0.002968095394310461; 0.0011624013365708358 0.11157290060095981 0.03113515254428068 0.024124038029564924 0.017204553944990934 0.01771663058156402 0.016264072409896937 0.013830056934181385 0.00784057525772193 0.006432731497815022 0.004167992038704224 0.0015434520104928948 0.00010895770990598574 -0.0008839898253149228 -0.0016746158565210504 -0.002187805903608694; -0.0020147560048940556 0.08341726479827757 0.020134547935538188 0.015732185066887415 0.011748732933771659 0.012287722642170304 0.010997781177451833 0.009990071466002542 0.005842161178600914 0.004167992038704224 0.0034943247040490973 0.0012708626367484177 0.00018893482856395394 -0.0005142434152241094 -0.0011868449233088001 -0.0015521728873508073; -0.0023438616357124363 0.03313667236833443 0.006301960164510747 0.0052144760856038174 0.003840970651617882 0.004348019461222377 0.0037889554425600334 0.0037757546877157737 0.002269270709577063 0.0015434520104928948 0.0012708626367484177 0.0007679132252342614 0.00012260853347752929 -0.00012782965381166807 -0.000426232143602314 -0.0005572108258281712; -0.001608299023492321 0.0042794114053971745 -0.00033979156242909357 -0.0003142954380610576 3.630570505406738e-5 9.852713340219761e-5 -5.016585289574112e-5 0.0003704964421855456 0.00027997756437700357 0.00010895770990598574 0.00018893482856395394 0.00012260853347752929 0.00021568924415406608 4.363698520686899e-5 3.2366868169616284e-6 -2.6149467907329375e-5; -0.001439065147699525 -0.014630357447009931 -0.005566716357235126 -0.003906468231631829 -0.002927123005779573 -0.0026809943975453754 -0.0026555476047352596 -0.0019390518012355183 -0.0010853191635716555 -0.0008839898253149228 -0.0005142434152241094 -0.00012782965381166807 4.363698520686899e-5 0.0003056712487352674 0.00025579441878333597 0.0003399674466462749; -0.0001472763309638521 -0.03215540970699633 -0.008783647200025295 -0.007068473799501429 -0.004870992804794561 -0.0051352002111780416 -0.004657928252315604 -0.0038911339215645683 -0.0022711285513193646 -0.0016746158565210504 -0.0011868449233088001 -0.000426232143602314 3.2366868169616284e-6 0.00025579441878333597 0.0006736313208506466 0.000630681581759503; -0.0003322137074282838 -0.041857972747031624 -0.01150159641184964 -0.009045986134341112 -0.006248369493921902 -0.006691851399138228 -0.005968888576452068 -0.005203788797646884 -0.002968095394310461 -0.002187805903608694 -0.0015521728873508073 -0.0005572108258281712 -2.6149467907329375e-5 0.0003399674466462749 0.000630681581759503 0.0010598479734306129]
)
)
[INFO] Iteration 65536.
[INFO] Current time 2025-03-06T11:54:10.153.
[INFO] Elapsed time 81.46155095100403 seconds.
[INFO] Acceptance ratio 0.21856689453125.
[INFO] Number of proposed samples with infinite loglikelihood: 0 of the last 16384 iterations.
[INFO] Remaining time 604718.5384390354 seconds
[INFO] Remaining iterations 765536
[INFO] Current sample [2.5026767337206905, 17.854857642035267, 6.014733917530239, 6.181582903193206, 3.477014928107573, 3.960073259773166, 3.678930898748879, 3.1154357099426324, 2.1278042634687084, 1.828665548976128, 1.6107789524263314, 0.887090973228819, 0.6082436110027303, 0.4304272050419678, 0.3458537314646521, 0.32229793639185467, -724.4829795894542].
[INFO] Current loglikelihood -714.1747196700699.
[INFO] Adapting proposal at iteration 65536.
[INFO] Proposal at iteration 65536: MutableMvNormal{FullNormal}(FullNormal(
dim: 16
μ: [2.5026767337206905, 17.854857642035267, 6.014733917530239, 6.181582903193206, 3.477014928107573, 3.960073259773166, 3.678930898748879, 3.1154357099426324, 2.1278042634687084, 1.828665548976128, 1.6107789524263314, 0.887090973228819, 0.6082436110027303, 0.4304272050419678, 0.3458537314646521, 0.32229793639185467]
Σ: [0.033817938390470245 -0.01395639137359297 0.03285756933610232 0.020098212001999776 0.012367286420477666 0.008710379003639981 0.01338372448561185 0.0026043341369100872 -0.00013510508971119315 0.0022320539636561713 -0.001160547551145866 -0.0020328289077910936 -0.0014359853326522858 -0.0015035610160160843 -0.00043692766018262714 -0.00069221046179929; -0.01395639137359297 2.4859877411451827 0.5358440921085657 0.5998667356870535 0.3691135903437155 0.38403813626138616 0.34077309375478204 0.2921463386895661 0.18094511856113257 0.13532225796253386 0.09153912883707437 0.0365708028869287 0.006482651864665956 -0.013841436443040969 -0.03178440951871784 -0.04126889455341048; 0.03285756933610232 0.5358440921085657 0.3055876788407919 0.17310952241710775 0.0934840333491505 0.0941659358871649 0.08780265882819051 0.06734376048578292 0.040061125896407916 0.03170473250404216 0.01831732801991813 0.006139491856623966 -0.00018742433423297504 -0.004913140988668043 -0.008437448972585389 -0.010001323834655372; 0.020098212001999776 0.5998667356870535 0.17310952241710775 0.2202048696595757 0.10319504496208358 0.09896335212254209 0.09214782926416071 0.0722927363507076 0.044363465878374274 0.03471560228307736 0.021657396102564754 0.0074964213095219286 0.0007789658796594924 -0.004354443348633604 -0.008123291675784535 -0.010366623648955606; 0.012367286420477666 0.3691135903437155 0.0934840333491505 0.10319504496208358 0.08558808858027399 0.06194739408375449 0.05665000279450234 0.045136032468511646 0.027185232879170212 0.021449161563662018 0.013524535012438678 0.004645628351230422 0.0004329928944656291 -0.0026984970466242897 -0.004985411429344783 -0.006314656306028328; 0.008710379003639981 0.38403813626138616 0.0941659358871649 0.09896335212254209 0.06194739408375449 0.0746270070463725 0.0571364951768734 0.046817642074247746 0.028374891323422118 0.021982586241048475 0.01397554575100026 0.005050811339006939 0.0005494511761290506 -0.0026037194940225585 -0.005076975654600857 -0.006562232610308719; 0.01338372448561185 0.34077309375478204 0.08780265882819051 0.09214782926416071 0.05665000279450234 0.0571364951768734 0.05951441885724979 0.041382998917554384 0.025112330477252098 0.019962316137375105 0.012280572563425822 0.004139606673331246 0.0002827073423500041 -0.0026444779430539814 -0.004636674887604338 -0.006094119365086433; 0.0026043341369100872 0.2921463386895661 0.06734376048578292 0.0722927363507076 0.045136032468511646 0.046817642074247746 0.041382998917554384 0.03733452810341684 0.02120667112498915 0.016336426650207424 0.010694254042909924 0.004126336020297469 0.0005629862796761298 -0.0018151965385089638 -0.003777624378347018 -0.004912710960135717; -0.00013510508971119315 0.18094511856113257 0.040061125896407916 0.044363465878374274 0.027185232879170212 0.028374891323422118 0.025112330477252098 0.02120667112498915 0.013999818442283667 0.0098658360897204 0.006662003595514568 0.002622858680671383 0.00045305820258921873 -0.001042832057923802 -0.002296279819390972 -0.0030030190381621904; 0.0022320539636561713 0.13532225796253386 0.03170473250404216 0.03471560228307736 0.021449161563662018 0.021982586241048475 0.019962316137375105 0.016336426650207424 0.0098658360897204 0.008152589843881482 0.004883322483573257 0.001840375726891125 0.0002487674770668218 -0.0008679615231956328 -0.0017579357173119806 -0.0022842853889115623; -0.001160547551145866 0.09153912883707437 0.01831732801991813 0.021657396102564754 0.013524535012438678 0.01397554575100026 0.012280572563425822 0.010694254042909924 0.006662003595514568 0.004883322483573257 0.0037243981163108063 0.0013510064902450176 0.0002923463942560805 -0.00046502967327388765 -0.0011348199375767075 -0.0014862445617268012; -0.0020328289077910936 0.0365708028869287 0.006139491856623966 0.0074964213095219286 0.004645628351230422 0.005050811339006939 0.004139606673331246 0.004126336020297469 0.002622858680671383 0.001840375726891125 0.0013510064902450176 0.000807303372940363 0.00013386127901207173 -0.00010982792184359171 -0.0004219005310629167 -0.000547292666834806; -0.0014359853326522858 0.006482651864665956 -0.00018742433423297504 0.0007789658796594924 0.0004329928944656291 0.0005494511761290506 0.0002827073423500041 0.0005629862796761298 0.00045305820258921873 0.0002487674770668218 0.0002923463942560805 0.00013386127901207173 0.00022300356541818655 3.271583864691108e-5 -2.2433931662246452e-5 -4.924925980990584e-5; -0.0015035610160160843 -0.013841436443040969 -0.004913140988668043 -0.004354443348633604 -0.0026984970466242897 -0.0026037194940225585 -0.0026444779430539814 -0.0018151965385089638 -0.001042832057923802 -0.0008679615231956328 -0.00046502967327388765 -0.00010982792184359171 3.271583864691108e-5 0.0002759444468009659 0.00022503151630850823 0.0003050703758632366; -0.00043692766018262714 -0.03178440951871784 -0.008437448972585389 -0.008123291675784535 -0.004985411429344783 -0.005076975654600857 -0.004636674887604338 -0.003777624378347018 -0.002296279819390972 -0.0017579357173119806 -0.0011348199375767075 -0.0004219005310629167 -2.2433931662246452e-5 0.00022503151630850823 0.0006319824634123351 0.0005635434883008573; -0.00069221046179929 -0.04126889455341048 -0.010001323834655372 -0.010366623648955606 -0.006314656306028328 -0.006562232610308719 -0.006094119365086433 -0.004912710960135717 -0.0030030190381621904 -0.0022842853889115623 -0.0014862445617268012 -0.000547292666834806 -4.924925980990584e-5 0.0003050703758632366 0.0005635434883008573 0.0009308340776411953]
)
)
[INFO] Iteration 81920.
[INFO] Current time 2025-03-06T11:54:29.314.
[INFO] Elapsed time 100.62237215042114 seconds.
[INFO] Acceptance ratio 0.21331787109375.
[INFO] Number of proposed samples with infinite loglikelihood: 0 of the last 16384 iterations.
[INFO] Remaining time 604699.3776228428 seconds
[INFO] Remaining iterations 749152
[INFO] Current sample [2.224326609418922, 15.825484968209564, 5.244436964948774, 4.8771026925259235, 3.173542730910982, 3.4246810694856697, 3.3513045734876687, 2.9277226603982434, 2.0487820927991813, 1.790361028497708, 1.5165496293170373, 0.8378938846499843, 0.6420635458065755, 0.4420103230612727, 0.3367233402681052, 0.3579793393871917, -721.6689830541253].
[INFO] Current loglikelihood -715.4562945609276.
[INFO] Adapting proposal at iteration 81920.
[INFO] Proposal at iteration 81920: MutableMvNormal{FullNormal}(FullNormal(
dim: 16
μ: [2.224326609418922, 15.825484968209564, 5.244436964948774, 4.8771026925259235, 3.173542730910982, 3.4246810694856697, 3.3513045734876687, 2.9277226603982434, 2.0487820927991813, 1.790361028497708, 1.5165496293170373, 0.8378938846499843, 0.6420635458065755, 0.4420103230612727, 0.3367233402681052, 0.3579793393871917]
Σ: [0.03715691521030752 -0.035069791769020996 0.028466682466518005 0.014857882102871926 0.010961341357260465 0.005819668084494256 0.009531157875583788 0.0006506602285947741 -0.0012609850184451363 0.0016591024099095778 -0.00197388796226525 -0.0023815010204725306 -0.0016811004229846263 -0.001446711316897537 -7.939146334448618e-5 -0.000282051354838613; -0.035069791769020996 2.2830531770892515 0.5742746045878945 0.522525710907195 0.3389856880044487 0.33584447797308836 0.301472598322904 0.27523926246869534 0.15847236630359615 0.11576925487171072 0.08477404613208364 0.033312798744357885 0.0027440353837639457 -0.015640252921938574 -0.03518752395315288 -0.04617027389342321; 0.028466682466518005 0.5742746045878945 0.33606694658891695 0.1730335183997248 0.10169543044497723 0.09189070000924544 0.09298286601025016 0.07557768927874686 0.04038713774932536 0.03294102356997425 0.020054695518285443 0.00667221326593408 -0.0009181748113011545 -0.005801852263329261 -0.009408769720818328 -0.012645852411805212; 0.014857882102871926 0.522525710907195 0.1730335183997248 0.1897515035437639 0.09304179724369196 0.08249608817813456 0.0787085801291448 0.06686605224639686 0.037060003952153614 0.029144472939030434 0.018643277072924572 0.006495687638956706 -0.0001492111690214171 -0.0046926438985391075 -0.008416853736381744 -0.010958664555231248; 0.010961341357260465 0.3389856880044487 0.10169543044497723 0.09304179724369196 0.08333807682760533 0.05403745697429499 0.051844119187391166 0.04353547918342036 0.024318754112404646 0.018699403980554193 0.012291404278650053 0.004201171764690753 -0.00033866458348362434 -0.0030280711444381886 -0.0054846902874371465 -0.007229542837339694; 0.005819668084494256 0.33584447797308836 0.09189070000924544 0.08249608817813456 0.05403745697429499 0.0662188210946367 0.04751176714231691 0.042003598240768714 0.023432750064636573 0.018054364973764937 0.012083659274606428 0.004266360294849003 -0.00010017978475205378 -0.0028320998790960497 -0.005478920827040527 -0.00698306157470681; 0.009531157875583788 0.301472598322904 0.09298286601025016 0.0787085801291448 0.051844119187391166 0.04751176714231691 0.05136163153469693 0.03767541117598649 0.021392005208972224 0.016607132003608412 0.011044103036976317 0.0036776179149328224 -0.0003062628066953106 -0.0027468978324655794 -0.0049236838158402026 -0.006510995267363839; 0.0006506602285947741 0.27523926246869534 0.07557768927874686 0.06686605224639686 0.04353547918342036 0.042003598240768714 0.03767541117598649 0.036202858154512414 0.01903127623181553 0.014488571369817151 0.010134618533628962 0.003779106231144951 0.00010696226630579767 -0.002106186406827217 -0.004312149776000436 -0.005710984979206029; -0.0012609850184451363 0.15847236630359615 0.04038713774932536 0.037060003952153614 0.024318754112404646 0.023432750064636573 0.021392005208972224 0.01903127623181553 0.01180600390375973 0.008128594909797752 0.005856544160109728 0.00228221289227965 0.00016155796385424557 -0.0011491145243649097 -0.0024402184198951487 -0.0032254283865036874; 0.0016591024099095778 0.11576925487171072 0.03294102356997425 0.029144472939030434 0.018699403980554193 0.018054364973764937 0.016607132003608412 0.014488571369817151 0.008128594909797752 0.006700571305360005 0.004179351066810469 0.0014770055777074023 1.5514575648110028e-5 -0.0009555668927739214 -0.0018129866566800204 -0.002442433131637677; -0.00197388796226525 0.08477404613208364 0.020054695518285443 0.018643277072924572 0.012291404278650053 0.012083659274606428 0.011044103036976317 0.010134618533628962 0.005856544160109728 0.004179351066810469 0.003475343667474013 0.0012444422772023415 0.00015064341498447574 -0.0005386024515557354 -0.001273982694653641 -0.0016717225688014047; -0.0023815010204725306 0.033312798744357885 0.00667221326593408 0.006495687638956706 0.004201171764690753 0.004266360294849003 0.0036776179149328224 0.003779106231144951 0.00228221289227965 0.0014770055777074023 0.0012444422772023415 0.0007575008028242368 9.381847721889114e-5 -0.00011814273650255539 -0.00046871367046014947 -0.0006178617675412678; -0.0016811004229846263 0.0027440353837639457 -0.0009181748113011545 -0.0001492111690214171 -0.00033866458348362434 -0.00010017978475205378 -0.0003062628066953106 0.00010696226630579767 0.00016155796385424557 1.5514575648110028e-5 0.00015064341498447574 9.381847721889114e-5 0.000237977799200604 3.749541237756895e-5 1.5773066261975192e-5 1.5802996799012654e-5; -0.001446711316897537 -0.015640252921938574 -0.005801852263329261 -0.0046926438985391075 -0.0030280711444381886 -0.0028320998790960497 -0.0027468978324655794 -0.002106186406827217 -0.0011491145243649097 -0.0009555668927739214 -0.0005386024515557354 -0.00011814273650255539 3.749541237756895e-5 0.0003208685286886554 0.0002812234341163921 0.00039428541795592646; -7.939146334448618e-5 -0.03518752395315288 -0.009408769720818328 -0.008416853736381744 -0.0054846902874371465 -0.005478920827040527 -0.0049236838158402026 -0.004312149776000436 -0.0024402184198951487 -0.0018129866566800204 -0.001273982694653641 -0.00046871367046014947 1.5773066261975192e-5 0.0002812234341163921 0.000749997144455312 0.0007417280571085495; -0.000282051354838613 -0.04617027389342321 -0.012645852411805212 -0.010958664555231248 -0.007229542837339694 -0.00698306157470681 -0.006510995267363839 -0.005710984979206029 -0.0032254283865036874 -0.002442433131637677 -0.0016717225688014047 -0.0006178617675412678 1.5802996799012654e-5 0.00039428541795592646 0.0007417280571085495 0.0011946963650594502]
)
)
[INFO] Iteration 98304.
[INFO] Current time 2025-03-06T11:54:48.666.
[INFO] Elapsed time 119.97442698478699 seconds.
[INFO] Acceptance ratio 0.2188720703125.
[INFO] Number of proposed samples with infinite loglikelihood: 0 of the last 16384 iterations.
[INFO] Remaining time 604680.025562048 seconds
[INFO] Remaining iterations 732768
[INFO] Current sample [2.316527062296617, 15.746704972560122, 4.874446725249863, 4.80204651799161, 3.2384987047411604, 3.6746198938006662, 3.190128274190603, 3.049775901731138, 1.9963262988628996, 1.76620833055326, 1.4673870927655217, 0.843813132509766, 0.6371766142684573, 0.4410887239760075, 0.39254843518787846, 0.3444963239396626, -718.836366871979].
[INFO] Current loglikelihood -713.0510260386449.
[INFO] Adapting proposal at iteration 98304.
[INFO] Proposal at iteration 98304: MutableMvNormal{FullNormal}(FullNormal(
dim: 16
μ: [2.316527062296617, 15.746704972560122, 4.874446725249863, 4.80204651799161, 3.2384987047411604, 3.6746198938006662, 3.190128274190603, 3.049775901731138, 1.9963262988628996, 1.76620833055326, 1.4673870927655217, 0.843813132509766, 0.6371766142684573, 0.4410887239760075, 0.39254843518787846, 0.3444963239396626]
Σ: [0.03510319408673652 -0.02303990112788278 0.025522952246519525 0.019536272068467284 0.010261086081416832 0.007723542999962275 0.01142558109224483 0.0025954060968451202 -0.0007587999537998476 0.001905172509304634 -0.0015514102932421144 -0.002184768334365224 -0.0013619511153123527 -0.0016372786252946386 -0.00024186119756213625 -0.000611718485329867; -0.02303990112788278 2.092062313547623 0.5519401417766377 0.5011559849168171 0.31282692101254195 0.32748119456498354 0.28135527669746513 0.2533859947577905 0.14973436808114318 0.10751160952732718 0.07743075920199372 0.030500857144104762 0.00360610384218758 -0.014292495321689164 -0.02892829405362697 -0.04100951048433177; 0.025522952246519525 0.5519401417766377 0.3220564842369617 0.16914639963192857 0.09567416498318995 0.09603111486074446 0.08550123924857386 0.07030256009343736 0.03981101527527616 0.0308375126289704 0.019422191906506035 0.006389711571488749 -1.4113452816634739e-5 -0.005500889101210034 -0.008271696422614643 -0.012111837715822575; 0.019536272068467284 0.5011559849168171 0.16914639963192857 0.19702584403700507 0.08925508508499158 0.08587531392477436 0.07833960718571735 0.06467165304676488 0.03611821553176673 0.028040310245537922 0.018420149619009247 0.005862284430172807 0.00023744880715967454 -0.004734723439119067 -0.006939189437538489 -0.010446249253057562; 0.010261086081416832 0.31282692101254195 0.09567416498318995 0.08925508508499158 0.07756537252518231 0.05410089651770222 0.04714022805496491 0.03998711730879585 0.022837057259125902 0.017292192055339398 0.011446818717274812 0.0038700694519403344 1.3163455709816404e-5 -0.0028478735388355538 -0.0045612841014353615 -0.006575743086150446; 0.007723542999962275 0.32748119456498354 0.09603111486074446 0.08587531392477436 0.05410089651770222 0.06801501895063056 0.047689291917010115 0.04099751194499171 0.023788437230803927 0.01797816285511327 0.012030084713773764 0.004130258264158455 8.3941055771459e-5 -0.002801573633359536 -0.00471452971577079 -0.0068481177136437855; 0.01142558109224483 0.28135527669746513 0.08550123924857386 0.07833960718571735 0.04714022805496491 0.047689291917010115 0.049716411436674136 0.036012667420208914 0.020466674657886832 0.015701522697009355 0.010121517878604134 0.0033772545670990774 -2.1199585953450506e-5 -0.002651765115844632 -0.004029822007846545 -0.005860868332607719; 0.0025954060968451202 0.2533859947577905 0.07030256009343736 0.06467165304676488 0.03998711730879585 0.04099751194499171 0.036012667420208914 0.03398850720700346 0.018161295859880675 0.01347668308544601 0.00926288323481341 0.0034284642758351377 0.0002479822277936642 -0.002053928105804463 -0.0035662010884962496 -0.005122204747596746; -0.0007587999537998476 0.14973436808114318 0.03981101527527616 0.03611821553176673 0.022837057259125902 0.023788437230803927 0.020466674657886832 0.018161295859880675 0.011542872704485344 0.007721740397078661 0.005534053010038394 0.0021593127585402233 0.00021274303304572438 -0.0010454984469049826 -0.0020665353268666 -0.0029504046256357934; 0.001905172509304634 0.10751160952732718 0.0308375126289704 0.028040310245537922 0.017292192055339398 0.01797816285511327 0.015701522697009355 0.01347668308544601 0.007721740397078661 0.006298480838545626 0.0038812753677816736 0.0013988452614462257 5.1114623485468073e-5 -0.0008874817029186857 -0.001526797094837983 -0.00219307189141582; -0.0015514102932421144 0.07743075920199372 0.019422191906506035 0.018420149619009247 0.011446818717274812 0.012030084713773764 0.010121517878604134 0.00926288323481341 0.005534053010038394 0.0038812753677816736 0.0032213391387264753 0.0011362296895443063 0.00017320547754208046 -0.00047194303740625946 -0.001035352064559667 -0.0014693401154526216; -0.002184768334365224 0.030500857144104762 0.006389711571488749 0.005862284430172807 0.0038700694519403344 0.004130258264158455 0.0033772545670990774 0.0034284642758351377 0.0021593127585402233 0.0013988452614462257 0.0011362296895443063 0.0007123962245315689 0.00010894471475203209 -0.00010258222087752383 -0.0003843552175041146 -0.000532623131303137; -0.0013619511153123527 0.00360610384218758 -1.4113452816634739e-5 0.00023744880715967454 1.3163455709816404e-5 8.3941055771459e-5 -2.1199585953450506e-5 0.0002479822277936642 0.00021274303304572438 5.1114623485468073e-5 0.00017320547754208046 0.00010894471475203209 0.00019547561171352903 3.33198075973416e-5 -1.092041170152381e-5 -6.499111176024966e-6; -0.0016372786252946386 -0.014292495321689164 -0.005500889101210034 -0.004734723439119067 -0.0028478735388355538 -0.002801573633359536 -0.002651765115844632 -0.002053928105804463 -0.0010454984469049826 -0.0008874817029186857 -0.00047194303740625946 -0.00010258222087752383 3.33198075973416e-5 0.00032147710782279374 0.00022688772937131725 0.00036123376114524647; -0.00024186119756213625 -0.02892829405362697 -0.008271696422614643 -0.006939189437538489 -0.0045612841014353615 -0.00471452971577079 -0.004029822007846545 -0.0035662010884962496 -0.0020665353268666 -0.001526797094837983 -0.001035352064559667 -0.0003843552175041146 -1.092041170152381e-5 0.00022688772937131725 0.0005777402232322651 0.0005781187066947396; -0.000611718485329867 -0.04100951048433177 -0.012111837715822575 -0.010446249253057562 -0.006575743086150446 -0.0068481177136437855 -0.005860868332607719 -0.005122204747596746 -0.0029504046256357934 -0.00219307189141582 -0.0014693401154526216 -0.000532623131303137 -6.499111176024966e-6 0.00036123376114524647 0.0005781187066947396 0.0010638448451413495]
)
)
[INFO] Iteration 114688.
[INFO] Current time 2025-03-06T11:55:07.960.
[INFO] Elapsed time 139.30250000953674 seconds.
[INFO] Acceptance ratio 0.22674560546875.
[INFO] Number of proposed samples with infinite loglikelihood: 0 of the last 16384 iterations.
[INFO] Remaining time 604660.69749403 seconds
[INFO] Remaining iterations 716384
[INFO] Current sample [2.3046772860297797, 11.091139639896571, 3.8380240916163384, 4.1235307480265515, 2.4819526571613633, 2.804045981130563, 2.6655665700115225, 2.4565309432496836, 1.6219388893421958, 1.5103183584543254, 1.3826243903223028, 0.7664427045055099, 0.6454518021778497, 0.4608519635172783, 0.44616697565260965, 0.49944441032536935, -721.8944140802425].
[INFO] Current loglikelihood -718.8354536111954.
[INFO] Adapting proposal at iteration 114688.
[INFO] Proposal at iteration 114688: MutableMvNormal{FullNormal}(FullNormal(
dim: 16
μ: [2.3046772860297797, 11.091139639896571, 3.8380240916163384, 4.1235307480265515, 2.4819526571613633, 2.804045981130563, 2.6655665700115225, 2.4565309432496836, 1.6219388893421958, 1.5103183584543254, 1.3826243903223028, 0.7664427045055099, 0.6454518021778497, 0.4608519635172783, 0.44616697565260965, 0.49944441032536935]
Σ: [0.033594540825442706 -0.02702069221258845 0.023626873971789187 0.017889006737508734 0.008022969751559698 0.006513865471591174 0.010032795023356075 0.0018176955446589013 -0.0007648537349726248 0.0014033307051020045 -0.001474381442990013 -0.002137936953254252 -0.0013974445515643234 -0.0013625754253060898 -0.00032881990455514514 -0.00046840885748195173; -0.02702069221258845 2.566714544360182 0.6588065815640937 0.6213504862761378 0.37611661688891657 0.3792226686552807 0.3386374687886811 0.30433518986476865 0.17818807154853888 0.1317754277550228 0.09510838330439306 0.04005400010909724 0.0007815770522365865 -0.016337795563867902 -0.037156387427006984 -0.04922778692061638; 0.023626873971789187 0.6588065815640937 0.3558711285899531 0.19105600330103165 0.10938420048362438 0.10909357173796036 0.10294935713529982 0.08267558432304378 0.04725023356923396 0.03658929329825187 0.02395399598070226 0.008804545578070627 -0.000813366145785309 -0.00563826782290601 -0.00999816495120177 -0.013636952448441278; 0.017889006737508734 0.6213504862761378 0.19105600330103165 0.22717393726794904 0.10589995609633783 0.09885747503317026 0.0916649323622074 0.07776810921327755 0.04395575415522879 0.03452967007664124 0.022964352269982856 0.00860417988759528 -0.000528846873398539 -0.004977677551503379 -0.00958591105691754 -0.012366274337929858; 0.008022969751559698 0.37611661688891657 0.10938420048362438 0.10589995609633783 0.08232364890417361 0.05940666798021525 0.054894105927236946 0.04627584974336798 0.02666283325746911 0.020175907622042258 0.01376907669511624 0.005199092239788931 -0.0002652851424499279 -0.0027912654405288007 -0.005652484634639082 -0.007426125273638298; 0.006513865471591174 0.3792226686552807 0.10909357173796036 0.09885747503317026 0.05940666798021525 0.07172555066009335 0.05382937344763836 0.046835762135395004 0.026823580331674646 0.020412891037542433 0.013891981943183845 0.0053572595430308265 -0.0003370968817612389 -0.002871545002018409 -0.005685996633636524 -0.007666633075745146; 0.010032795023356075 0.3386374687886811 0.10294935713529982 0.0916649323622074 0.054894105927236946 0.05382937344763836 0.056177113793833965 0.04184486048322018 0.024095299106495154 0.018547331707070444 0.012402897453285912 0.0045431092123841684 -0.00043253435687857925 -0.0027647684897503717 -0.005271232594931675 -0.006974732909015998; 0.0018176955446589013 0.30433518986476865 0.08267558432304378 0.07776810921327755 0.04627584974336798 0.046835762135395004 0.04184486048322018 0.03916500537479719 0.02118543645367066 0.016069846037688372 0.011223338522810478 0.004472310827687293 -0.00010464747065270774 -0.0021431086287078114 -0.004508290552283233 -0.005916906957865652; -0.0007648537349726248 0.17818807154853888 0.04725023356923396 0.04395575415522879 0.02666283325746911 0.026823580331674646 0.024095299106495154 0.02118543645367066 0.013151347819393821 0.009216253288790941 0.00657296099903165 0.0027154753964829387 3.495577862174875e-5 -0.0011578181536733493 -0.0025704241679280083 -0.0034442329876783803; 0.0014033307051020045 0.1317754277550228 0.03658929329825187 0.03452967007664124 0.020175907622042258 0.020412891037542433 0.018547331707070444 0.016069846037688372 0.009216253288790941 0.007488758868319317 0.0048138597015887396 0.0019063477589651102 -4.870371856560453e-5 -0.0009616273657592271 -0.0019446560215795547 -0.002609266648787749; -0.001474381442990013 0.09510838330439306 0.02395399598070226 0.022964352269982856 0.01376907669511624 0.013891981943183845 0.012402897453285912 0.011223338522810478 0.00657296099903165 0.0048138597015887396 0.0038456665756390262 0.0014908481984788914 5.434881975713611e-5 -0.00055968397510598 -0.0013624520867180192 -0.001788510098346468; -0.002137936953254252 0.04005400010909724 0.008804545578070627 0.00860417988759528 0.005199092239788931 0.0053572595430308265 0.0045431092123841684 0.004472310827687293 0.0027154753964829387 0.0019063477589651102 0.0014908481984788914 0.0008782007318172845 5.457284676693141e-5 -0.00017453734285910469 -0.00054619626885391 -0.000704506012896614; -0.0013974445515643234 0.0007815770522365865 -0.000813366145785309 -0.000528846873398539 -0.0002652851424499279 -0.0003370968817612389 -0.00043253435687857925 -0.00010464747065270774 3.495577862174875e-5 -4.870371856560453e-5 5.434881975713611e-5 5.457284676693141e-5 0.00024659822343385096 6.57669292443292e-5 7.58635560461009e-5 6.900864794110368e-5; -0.0013625754253060898 -0.016337795563867902 -0.00563826782290601 -0.004977677551503379 -0.0027912654405288007 -0.002871545002018409 -0.0027647684897503717 -0.0021431086287078114 -0.0011578181536733493 -0.0009616273657592271 -0.00055968397510598 -0.00017453734285910469 6.57669292443292e-5 0.0003129484754924805 0.0002774768677343526 0.00038788151875941; -0.00032881990455514514 -0.037156387427006984 -0.00999816495120177 -0.00958591105691754 -0.005652484634639082 -0.005685996633636524 -0.005271232594931675 -0.004508290552283233 -0.0025704241679280083 -0.0019446560215795547 -0.0013624520867180192 -0.00054619626885391 7.58635560461009e-5 0.0002774768677343526 0.0007635624300387369 0.0007770989354088794; -0.00046840885748195173 -0.04922778692061638 -0.013636952448441278 -0.012366274337929858 -0.007426125273638298 -0.007666633075745146 -0.006974732909015998 -0.005916906957865652 -0.0034442329876783803 -0.002609266648787749 -0.001788510098346468 -0.000704506012896614 6.900864794110368e-5 0.00038788151875941 0.0007770989354088794 0.0012173421351171752]
)
)
[INFO] Iteration 131072.
[INFO] Current time 2025-03-06T11:55:28.622.
[INFO] Elapsed time 159.93078112602234 seconds.
[INFO] Acceptance ratio 0.2188720703125.
[INFO] Number of proposed samples with infinite loglikelihood: 0 of the last 16384 iterations.
[INFO] Remaining time 604640.069206953 seconds
[INFO] Remaining iterations 700000
[INFO] Current sample [2.9153845876091946, 10.967250976153377, 5.029177230979878, 4.489350094575096, 2.3066047263713365, 3.1066559401915734, 3.0506875505917592, 2.535483763896068, 1.7161201753872435, 1.5740862393024684, 1.3117085386627334, 0.7807902838666834, 0.6073635921980166, 0.43589434578914404, 0.4510580255761143, 0.4637413250902563, -722.9705760050693].
[INFO] Current loglikelihood -717.8005403569119.
[INFO] Adapting proposal at iteration 131072.
[INFO] Proposal at iteration 131072: MutableMvNormal{FullNormal}(FullNormal(
dim: 16
μ: [2.9153845876091946, 10.967250976153377, 5.029177230979878, 4.489350094575096, 2.3066047263713365, 3.1066559401915734, 3.0506875505917592, 2.535483763896068, 1.7161201753872435, 1.5740862393024684, 1.3117085386627334, 0.7807902838666834, 0.6073635921980166, 0.43589434578914404, 0.4510580255761143, 0.4637413250902563]
Σ: [0.032370214031237736 -0.05251063153214111 0.014478084296668962 0.0119550991641191 0.0029097890157709022 0.003528840124121004 0.007804479624829545 -0.0021836800438775152 -0.002272702531694454 9.15185390250438e-5 -0.0026544467487627705 -0.0024820192274004073 -0.0014896881747690628 -0.0013061378464466235 -8.13811828709547e-5 5.446793257291848e-5; -0.05251063153214111 2.598180065551393 0.6233307629440854 0.5388611764169995 0.3849357864393579 0.37281778244239555 0.3337846732245606 0.30287961086156817 0.1851284790112474 0.1346715350889485 0.09995009726233084 0.044400512744595375 0.007064540204661937 -0.013111010141587724 -0.032326033610882515 -0.04450246022974848; 0.014478084296668962 0.6233307629440854 0.33021844811756923 0.16785857458876546 0.10185264903477464 0.09918554297004045 0.09106942435296975 0.07624791870425401 0.04563980758148912 0.03474424290982316 0.0239320947552584 0.009242742866262973 0.0005814489437802891 -0.004424172826158098 -0.008599336017185433 -0.011245060839445598; 0.0119550991641191 0.5388611764169995 0.16785857458876546 0.1881414995048537 0.08947145783506104 0.08720351278761111 0.08003674389102478 0.06495402861565598 0.03933103550601574 0.029908942810657244 0.02008552685770804 0.008086326725999165 0.00039567282898458466 -0.004154708064981028 -0.007328867956223078 -0.010192797235529065; 0.0029097890157709022 0.3849357864393579 0.10185264903477464 0.08947145783506104 0.08708962076250007 0.057931242854266894 0.05418922407039799 0.04677986328981612 0.027603373510871596 0.021009710627333297 0.014285301396699186 0.006014369815316207 0.0005971599719871675 -0.002513396941455212 -0.0051210178680834795 -0.006867639046782419; 0.003528840124121004 0.37281778244239555 0.09918554297004045 0.08720351278761111 0.057931242854266894 0.0691201602182643 0.05242197135913218 0.04525682560918408 0.02684865725444473 0.020466065775151473 0.01401814652603761 0.005848952771852811 0.0004279030788741539 -0.0024921494386286355 -0.004931309740564087 -0.0066416037272057455; 0.007804479624829545 0.3337846732245606 0.09106942435296975 0.08003674389102478 0.05418922407039799 0.05242197135913218 0.05575240871240597 0.04000785828396 0.024715566684786958 0.01846837727778103 0.01253753765885185 0.005005888163877252 0.00025725044385337744 -0.0024253915081038605 -0.004577706964509624 -0.006102819148739743; -0.0021836800438775152 0.30287961086156817 0.07624791870425401 0.06495402861565598 0.04677986328981612 0.04525682560918408 0.04000785828396 0.03829055411061948 0.02147586384148981 0.016129908073754876 0.011495397246976805 0.0049495050138383245 0.0005893690819971031 -0.0017897504094217744 -0.00389910841846467 -0.005295945823390571; -0.002272702531694454 0.1851284790112474 0.04563980758148912 0.03933103550601574 0.027603373510871596 0.02684865725444473 0.024715566684786958 0.02147586384148981 0.014154863285192094 0.009629844047104803 0.007132375176892743 0.00310741006951642 0.00044824287596371813 -0.0010051134892479336 -0.0023020326726404315 -0.003228747470044623; 9.15185390250438e-5 0.1346715350889485 0.03474424290982316 0.029908942810657244 0.021009710627333297 0.020466065775151473 0.01846837727778103 0.016129908073754876 0.009629844047104803 0.007727735769997264 0.005062571200626318 0.002162707567009643 0.0002552636506589827 -0.0008070555858367904 -0.0017328630133130606 -0.0023674243942642774; -0.0026544467487627705 0.09995009726233084 0.0239320947552584 0.02008552685770804 0.014285301396699186 0.01401814652603761 0.01253753765885185 0.011495397246976805 0.007132375176892743 0.005062571200626318 0.004173826369347215 0.0017368745958706636 0.00030048948730950327 -0.0004514059557111862 -0.0012050214745352355 -0.001671061636699834; -0.0024820192274004073 0.044400512744595375 0.009242742866262973 0.008086326725999165 0.006014369815316207 0.005848952771852811 0.005005888163877252 0.0049495050138383245 0.00310741006951642 0.002162707567009643 0.0017368745958706636 0.0010190547103619968 0.00016292155969541307 -0.0001272795491410234 -0.0004990194607419607 -0.0006944092631333867; -0.0014896881747690628 0.007064540204661937 0.0005814489437802891 0.00039567282898458466 0.0005971599719871675 0.0004279030788741539 0.00025725044385337744 0.0005893690819971031 0.00044824287596371813 0.0002552636506589827 0.00030048948730950327 0.00016292155969541307 0.00023198983736301458 2.7556123003196318e-5 -2.990337422969117e-5 -6.832698096502084e-5; -0.0013061378464466235 -0.013111010141587724 -0.004424172826158098 -0.004154708064981028 -0.002513396941455212 -0.0024921494386286355 -0.0024253915081038605 -0.0017897504094217744 -0.0010051134892479336 -0.0008070555858367904 -0.0004514059557111862 -0.0001272795491410234 2.7556123003196318e-5 0.00028449238807884484 0.0002145401692284367 0.00030181432219849886; -8.13811828709547e-5 -0.032326033610882515 -0.008599336017185433 -0.007328867956223078 -0.0051210178680834795 -0.004931309740564087 -0.004577706964509624 -0.00389910841846467 -0.0023020326726404315 -0.0017328630133130606 -0.0012050214745352355 -0.0004990194607419607 -2.990337422969117e-5 0.0002145401692284367 0.0005886989692651998 0.000588144563081636; 5.446793257291848e-5 -0.04450246022974848 -0.011245060839445598 -0.010192797235529065 -0.006867639046782419 -0.0066416037272057455 -0.006102819148739743 -0.005295945823390571 -0.003228747470044623 -0.0023674243942642774 -0.001671061636699834 -0.0006944092631333867 -6.832698096502084e-5 0.00030181432219849886 0.000588144563081636 0.0010319968377081625]
)
)
[INFO] Iteration 147456.
[INFO] Current time 2025-03-06T11:55:47.819.
[INFO] Elapsed time 179.12762594223022 seconds.
[INFO] Acceptance ratio 0.220947265625.
[INFO] Number of proposed samples with infinite loglikelihood: 0 of the last 16384 iterations.
[INFO] Remaining time 604620.8723709583 seconds
[INFO] Remaining iterations 683616
[INFO] Current sample [2.242332803924705, 16.367462282748008, 4.181408008956396, 5.375483732679205, 2.9733697876147076, 3.8082653851413832, 3.1127668190578177, 3.047874265961595, 2.0738719104541556, 1.855263182954859, 1.5036974845012685, 0.8677303759300663, 0.669043749826966, 0.420086235228139, 0.34563826596251845, 0.33121672514893497, -724.7637337526606].
[INFO] Current loglikelihood -714.7344114341605.
[INFO] Iteration 163840.
[INFO] Current time 2025-03-06T11:56:07.985.
[INFO] Elapsed time 199.2939169406891 seconds.
[INFO] Acceptance ratio 0.2125244140625.
[INFO] Number of proposed samples with infinite loglikelihood: 0 of the last 16384 iterations.
[INFO] Remaining time 604600.7060759068 seconds
[INFO] Remaining iterations 667232
[INFO] Current sample [2.258466028664724, 12.874209058462956, 3.4529888379422338, 4.114661759450223, 2.3622508618217557, 3.054156383944691, 3.0139803181618827, 2.5172958807407273, 1.7430191538206077, 1.6230992529504307, 1.4352102222969774, 0.8202875912295196, 0.6191110480323825, 0.4975396189821853, 0.40522197804155946, 0.41841172558385265, -723.569198384854].
[INFO] Current loglikelihood -718.6018425586901.
[INFO] Iteration 180224.
[INFO] Current time 2025-03-06T11:56:28.765.
[INFO] Elapsed time 220.07378101348877 seconds.
[INFO] Acceptance ratio 0.2171630859375.
[INFO] Number of proposed samples with infinite loglikelihood: 0 of the last 16384 iterations.
[INFO] Remaining time 604579.9262158871 seconds
[INFO] Remaining iterations 650848
[INFO] Current sample [2.5224729891395605, 11.318976357655751, 3.6941068480372428, 3.8434623652926048, 2.243984624754118, 3.2664932864481244, 2.7344373240970556, 2.559071213264198, 1.688190392255569, 1.5610663844313646, 1.3175605615303327, 0.7525803964735772, 0.6110594137859916, 0.45410319985534786, 0.4420118595297963, 0.41172824001877084, -719.1221004248591].
[INFO] Current loglikelihood -715.0669534425753.
[INFO] Iteration 196608.
[INFO] Current time 2025-03-06T11:56:49.404.
[INFO] Elapsed time 240.71247696876526 seconds.
[INFO] Acceptance ratio 0.2115478515625.
[INFO] Number of proposed samples with infinite loglikelihood: 0 of the last 16384 iterations.
[INFO] Remaining time 604559.2875139713 seconds
[INFO] Remaining iterations 634464
[INFO] Current sample [2.5133193945890597, 12.643253120971186, 3.906380593621706, 4.248611068268513, 2.835586957778031, 3.7056025319051047, 2.6179429494554887, 2.575166800460221, 1.7107710925313069, 1.676932386770971, 1.3824987640207307, 0.8254910255504772, 0.6240462144184798, 0.4927703985126497, 0.3904469251640309, 0.41509558996153884, -730.0956302931517].
[INFO] Current loglikelihood -725.8149878319447.
[INFO] Iteration 212992.
[INFO] Current time 2025-03-06T11:57:10.827.
[INFO] Elapsed time 262.1357660293579 seconds.
[INFO] Acceptance ratio 0.2176513671875.
[INFO] Number of proposed samples with infinite loglikelihood: 0 of the last 16384 iterations.
[INFO] Remaining time 604537.8639979362 seconds
[INFO] Remaining iterations 618080
[INFO] Current sample [2.1410698174276095, 12.356837778116754, 4.575681073404467, 3.769221888712098, 2.108533284388955, 3.176724730412591, 2.7537099912641145, 2.4602865116069905, 1.8206276405533426, 1.621271054139829, 1.476327463882292, 0.8095479308164093, 0.6306454431634738, 0.44915958754011404, 0.4392957797869224, 0.4203596308657093, -724.265460950009].
[INFO] Current loglikelihood -718.1164770561883.
[INFO] Iteration 229376.
[INFO] Current time 2025-03-06T11:57:31.584.
[INFO] Elapsed time 282.8923690319061 seconds.
[INFO] Acceptance ratio 0.21612548828125.
[INFO] Number of proposed samples with infinite loglikelihood: 0 of the last 16384 iterations.
[INFO] Remaining time 604517.1076200008 seconds
[INFO] Remaining iterations 601696
[INFO] Current sample [2.3947777059670976, 12.720009401661867, 3.6973851319027737, 3.9050657788898957, 2.6353019036847636, 3.512718313826999, 2.8083815861654258, 2.68420620213636, 1.762538267261119, 1.6849389038259914, 1.3645640122674234, 0.822704000750407, 0.5932800999370419, 0.44685732419922813, 0.42606180648320935, 0.39727360640987297, -720.4342728512609].
[INFO] Current loglikelihood -716.7269387684734.
[INFO] Iteration 245760.
[INFO] Current time 2025-03-06T11:57:52.494.
[INFO] Elapsed time 303.80281496047974 seconds.
[INFO] Acceptance ratio 0.21917724609375.
[INFO] Number of proposed samples with infinite loglikelihood: 0 of the last 16384 iterations.
[INFO] Remaining time 604496.1971769333 seconds
[INFO] Remaining iterations 585312
[INFO] Current sample [2.3903089075703416, 14.441880594563624, 5.500629873822845, 4.886865778068095, 2.689815081558626, 3.385339134503555, 3.218383105897336, 2.803299489297233, 1.9281018473865381, 1.659399406023586, 1.4264216595743675, 0.8550416983625863, 0.6267891479187724, 0.4332584791869112, 0.3810761225630617, 0.3324022389249744, -720.4694230344035].
[INFO] Current loglikelihood -713.1983932984258.
[INFO] Iteration 262144.
[INFO] Current time 2025-03-06T11:58:13.575.
[INFO] Elapsed time 324.883425951004 seconds.
[INFO] Acceptance ratio 0.207763671875.
[INFO] Number of proposed samples with infinite loglikelihood: 0 of the last 16384 iterations.
[INFO] Remaining time 604475.116560936 seconds
[INFO] Remaining iterations 568928
[INFO] Current sample [2.531305970730159, 14.547506528604604, 5.157110692581089, 4.300047302343813, 2.957340550843536, 3.783207722183113, 3.4034195248104604, 2.8671447719898864, 1.9099190416809677, 1.7052729081837765, 1.4559769207854696, 0.8494734670257503, 0.6041340254327865, 0.45425739591584857, 0.3446558179054979, 0.3648752686955928, -722.1720868842244].
[INFO] Current loglikelihood -716.8115832835324.
[INFO] Iteration 278528.
[INFO] Current time 2025-03-06T11:58:34.277.
[INFO] Elapsed time 345.58548617362976 seconds.
[INFO] Acceptance ratio 0.2083740234375.
[INFO] Number of proposed samples with infinite loglikelihood: 0 of the last 16384 iterations.
[INFO] Remaining time 604454.4145100117 seconds
[INFO] Remaining iterations 552544
[INFO] Current sample [2.2731025115447485, 10.790473337721568, 3.1896335414657653, 4.11163657631548, 2.379974399069862, 2.983580430386426, 2.7147511835035405, 2.361312480651506, 1.6113817171652607, 1.5791850969309962, 1.37132334427883, 0.8139582182318303, 0.6414145139695905, 0.48608693166077105, 0.40968099786409756, 0.48421527663660413, -725.5699766140876].
[INFO] Current loglikelihood -721.6125761506379.
[INFO] Iteration 294912.
[INFO] Current time 2025-03-06T11:58:55.288.
[INFO] Elapsed time 366.5964550971985 seconds.
[INFO] Acceptance ratio 0.2088623046875.
[INFO] Number of proposed samples with infinite loglikelihood: 0 of the last 16384 iterations.
[INFO] Remaining time 604433.403539896 seconds
[INFO] Remaining iterations 536160
[INFO] Current sample [2.3563438647950496, 12.611473852536733, 4.7308480487697935, 4.070102357973756, 2.8364818171917, 3.13384657587688, 3.0114716299129753, 2.652234368775599, 1.799164817630116, 1.6297614635866824, 1.4139391333454046, 0.80787302610127, 0.6273132315472041, 0.43287407976722336, 0.47694401077537424, 0.38886598843823217, -720.5103996165113].
[INFO] Current loglikelihood -717.3379956403827.
[INFO] Iteration 311296.
[INFO] Current time 2025-03-06T11:59:16.099.
[INFO] Elapsed time 387.4070200920105 seconds.
[INFO] Acceptance ratio 0.2119140625.
[INFO] Number of proposed samples with infinite loglikelihood: 0 of the last 16384 iterations.
[INFO] Remaining time 604412.5929758549 seconds
[INFO] Remaining iterations 519776
[INFO] Current sample [2.5150060778953436, 14.84789107172083, 4.268922778053786, 4.6317622215220355, 3.259021409309472, 3.9931457965579424, 2.9927620015052945, 2.949007623640359, 2.075047934463644, 1.7000198060306893, 1.5273910252229475, 0.8183493766989937, 0.6087318464130048, 0.4619613919800122, 0.3718909693758227, 0.34089968060933384, -726.4101472471111].
[INFO] Current loglikelihood -721.1925369467364.
[INFO] Iteration 327680.
[INFO] Current time 2025-03-06T11:59:36.922.
[INFO] Elapsed time 408.23012495040894 seconds.
[INFO] Acceptance ratio 0.214599609375.
[INFO] Number of proposed samples with infinite loglikelihood: 0 of the last 16384 iterations.
[INFO] Remaining time 604391.7698709965 seconds
[INFO] Remaining iterations 503392
[INFO] Current sample [2.0144665614510475, 13.417857936668938, 4.492943352565388, 3.6631375528311474, 2.5929662188415774, 3.1998917020275695, 2.6911867265770417, 2.8513191209571502, 1.878278881618631, 1.6520513971813648, 1.4418592913920156, 0.8032059289948436, 0.6535068661807928, 0.46103614915612934, 0.4251917076293412, 0.38093606980559097, -722.2373782953122].
[INFO] Current loglikelihood -717.3711106181202.
[INFO] Iteration 344064.
[INFO] Current time 2025-03-06T11:59:57.743.
[INFO] Elapsed time 429.05123114585876 seconds.
[INFO] Acceptance ratio 0.21185302734375.
[INFO] Number of proposed samples with infinite loglikelihood: 0 of the last 16384 iterations.
[INFO] Remaining time 604370.9487609863 seconds
[INFO] Remaining iterations 487008
[INFO] Current sample [2.620422965836768, 13.164265332447059, 4.287069288105251, 4.167902097064367, 2.6834838187921797, 3.3831589013803316, 3.1484582709934874, 2.758846321464153, 1.8514546928433935, 1.6140942801287703, 1.4610072450087985, 0.804750221522621, 0.6053109863123566, 0.440717347406116, 0.40096935066243056, 0.38714189245301944, -718.648459931055].
[INFO] Current loglikelihood -714.8287220033014.
[INFO] Iteration 360448.
[INFO] Current time 2025-03-06T12:00:18.602.
[INFO] Elapsed time 449.9103729724884 seconds.
[INFO] Acceptance ratio 0.214599609375.
[INFO] Number of proposed samples with infinite loglikelihood: 0 of the last 16384 iterations.
[INFO] Remaining time 604350.0896229744 seconds
[INFO] Remaining iterations 470624
[INFO] Current sample [2.5944247929868554, 13.946001307369295, 4.45913396691991, 4.831466899231509, 2.844545279465147, 3.5321766470785776, 3.1635759034504867, 2.816122587897036, 1.8714154441462483, 1.699094591751826, 1.4349481499970227, 0.8186429043195796, 0.5984412548831382, 0.41464304570995314, 0.39245978671194204, 0.3537338966727858, -717.3451472985928].
[INFO] Current loglikelihood -711.6736518523406.
[INFO] Iteration 376832.
[INFO] Current time 2025-03-06T12:00:39.428.
[INFO] Elapsed time 470.7366440296173 seconds.
[INFO] Acceptance ratio 0.21484375.
[INFO] Number of proposed samples with infinite loglikelihood: 0 of the last 16384 iterations.
[INFO] Remaining time 604329.2633519173 seconds
[INFO] Remaining iterations 454240
[INFO] Current sample [2.687704400319129, 11.860750864279813, 4.687878746444417, 4.217928795632661, 2.67607982111164, 3.1726096031046156, 2.800791498231194, 2.5360072000477087, 1.7692151787487262, 1.5082477704607227, 1.3667110970931426, 0.7608283521602458, 0.6229050400764827, 0.39967331534610095, 0.4379764201714761, 0.4232386570029434, -723.1446614552419].
[INFO] Current loglikelihood -720.112248349843.
[INFO] Iteration 393216.
[INFO] Current time 2025-03-06T12:01:00.772.
[INFO] Elapsed time 492.08066606521606 seconds.
[INFO] Acceptance ratio 0.22235107421875.
[INFO] Number of proposed samples with infinite loglikelihood: 0 of the last 16384 iterations.
[INFO] Remaining time 604307.9193258286 seconds
[INFO] Remaining iterations 437856
[INFO] Current sample [2.541802766575746, 17.128682830858125, 5.003068285581728, 5.636171522055473, 3.791130788332416, 4.072539855737875, 3.789381529661926, 3.1811455034206957, 2.1520748916512242, 1.8835701351499219, 1.5477250168054006, 0.8553205340262918, 0.6317379602808959, 0.4285044257712448, 0.32175400945907606, 0.37428792939516, -726.6851852145019].
[INFO] Current loglikelihood -719.5347203782014.
[INFO] Iteration 409600.
[INFO] Current time 2025-03-06T12:01:21.721.
[INFO] Elapsed time 513.0293440818787 seconds.
[INFO] Acceptance ratio 0.208984375.
[INFO] Number of proposed samples with infinite loglikelihood: 0 of the last 16384 iterations.
[INFO] Remaining time 604286.9706418514 seconds
[INFO] Remaining iterations 421472
[INFO] Current sample [2.23041285484272, 11.418531501561544, 3.681839589304144, 3.6410344577054574, 2.3931281984128625, 3.168525147243187, 2.6457353884642436, 2.582448178651758, 1.6674391617303201, 1.4859891129748386, 1.3350437632427232, 0.8036293072495228, 0.6120521806290227, 0.4874277547235597, 0.4070651072185567, 0.41234714226113056, -721.8688718363577].
[INFO] Current loglikelihood -718.847290956955.
[INFO] Iteration 425984.
[INFO] Current time 2025-03-06T12:01:42.184.
[INFO] Elapsed time 533.4920361042023 seconds.
[INFO] Acceptance ratio 0.219482421875.
[INFO] Number of proposed samples with infinite loglikelihood: 0 of the last 16384 iterations.
[INFO] Remaining time 604266.5079598427 seconds
[INFO] Remaining iterations 405088
[INFO] Current sample [3.0466325411984845, 11.081987203482136, 5.22951070677564, 4.695704567495014, 2.7033123924855507, 3.2100314156968652, 2.673690080907134, 2.4713518298776176, 1.6394619674474429, 1.5591839085371806, 1.336457815750222, 0.7882317353441212, 0.6423877123962163, 0.40677877536749496, 0.4344012529600345, 0.41147058053797875, -727.899100528762].
[INFO] Current loglikelihood -724.0422050331493.
[INFO] Iteration 442368.
[INFO] Current time 2025-03-06T12:02:02.684.
[INFO] Elapsed time 553.9925711154938 seconds.
[INFO] Acceptance ratio 0.2103271484375.
[INFO] Number of proposed samples with infinite loglikelihood: 0 of the last 16384 iterations.
[INFO] Remaining time 604246.0074248314 seconds
[INFO] Remaining iterations 388704
[INFO] Current sample [2.4290283028140376, 12.655780892521971, 5.386093577364948, 4.491587178768682, 2.9779104515591204, 3.2396935954199955, 2.950873826592753, 2.5628392730809852, 1.795303652045812, 1.6337524337879423, 1.4411616053410183, 0.8055428953781005, 0.6044138573979875, 0.5002151561621783, 0.38246445172630955, 0.41995600628495405, -724.2408279611817].
[INFO] Current loglikelihood -720.338340402687.
[INFO] Iteration 458752.
[INFO] Current time 2025-03-06T12:02:23.143.
[INFO] Elapsed time 574.451621055603 seconds.
[INFO] Acceptance ratio 0.218017578125.
[INFO] Number of proposed samples with infinite loglikelihood: 0 of the last 16384 iterations.
[INFO] Remaining time 604225.5483748913 seconds
[INFO] Remaining iterations 372320
[INFO] Current sample [1.9098113627985476, 14.31268149656833, 4.698582285768274, 3.8706637513683124, 2.4042826330753244, 3.6231502640563904, 2.755406432481661, 2.8420188649682143, 1.8907100879381284, 1.6521700527400813, 1.4419734597768485, 0.8803616442238289, 0.6315084379282865, 0.48847036155809226, 0.3995129438862419, 0.42581234412561664, -725.8922989217518].
[INFO] Current loglikelihood -717.9576459982512.
[INFO] Iteration 475136.
[INFO] Current time 2025-03-06T12:02:43.618.
[INFO] Elapsed time 594.9261500835419 seconds.
[INFO] Acceptance ratio 0.21624755859375.
[INFO] Number of proposed samples with infinite loglikelihood: 0 of the last 16384 iterations.
[INFO] Remaining time 604205.0738430023 seconds
[INFO] Remaining iterations 355936
[INFO] Current sample [2.2412030455544767, 13.863515999048595, 4.67857645804396, 4.27443750031807, 3.0552489553443016, 3.2794809411580417, 3.2118835843218476, 2.7151626011905385, 1.9218322201871736, 1.6565537381434046, 1.4474413710238085, 0.8594354462079593, 0.5888031549885498, 0.4603168068059968, 0.40990842362589264, 0.3639445696316705, -721.1961370548282].
[INFO] Current loglikelihood -717.6385116181336.
[INFO] Iteration 491520.
[INFO] Current time 2025-03-06T12:03:03.984.
[INFO] Elapsed time 615.2927460670471 seconds.
[INFO] Acceptance ratio 0.21502685546875.
[INFO] Number of proposed samples with infinite loglikelihood: 0 of the last 16384 iterations.
[INFO] Remaining time 604184.7072508335 seconds
[INFO] Remaining iterations 339552
[INFO] Current sample [2.461230850826828, 14.137347076338683, 5.568235772237742, 5.008321906852801, 2.9835316529784026, 3.463360475835982, 3.207975044884215, 2.8228066740661433, 1.8810944733286776, 1.8030521325976705, 1.4889993186876178, 0.8206947510354887, 0.614393792577683, 0.4408702844461223, 0.3877449635178186, 0.3467331534418196, -722.0277531503882].
[INFO] Current loglikelihood -715.7314033609933.
[INFO] Iteration 507904.
[INFO] Current time 2025-03-06T12:03:24.350.
[INFO] Elapsed time 635.6604280471802 seconds.
[INFO] Acceptance ratio 0.21429443359375.
[INFO] Number of proposed samples with infinite loglikelihood: 0 of the last 16384 iterations.
[INFO] Remaining time 604164.3395659924 seconds
[INFO] Remaining iterations 323168
[INFO] Current sample [2.6668533846879283, 13.641023230992818, 5.802092425263162, 4.265521867086888, 3.4424660556321025, 3.548256027556565, 3.1039023464301203, 2.820232190087167, 1.8423500021244366, 1.729867827969635, 1.418359082952697, 0.8122385388804549, 0.5967353185152577, 0.4494971141509263, 0.4051377987586261, 0.3139674247074251, -722.8544064428646].
[INFO] Current loglikelihood -718.5964401222859.
[INFO] Iteration 524288.
[INFO] Current time 2025-03-06T12:03:44.762.
[INFO] Elapsed time 656.0708651542664 seconds.
[INFO] Acceptance ratio 0.2169189453125.
[INFO] Number of proposed samples with infinite loglikelihood: 0 of the last 16384 iterations.
[INFO] Remaining time 604143.9291319847 seconds
[INFO] Remaining iterations 306784
[INFO] Current sample [2.247635888253363, 12.894139221033013, 3.6562493652893435, 4.0880124087330305, 2.392000057236583, 3.17000243016565, 3.0201880916810087, 2.664053550077757, 1.7400492180239426, 1.6144058254007057, 1.4181614891301342, 0.8159022575708756, 0.6037714128786426, 0.44382683929627326, 0.41339758237233787, 0.38011640778591504, -719.2348806947655].
[INFO] Current loglikelihood -714.1917466294061.
[INFO] Iteration 540672.
[INFO] Current time 2025-03-06T12:04:05.112.
[INFO] Elapsed time 676.4207091331482 seconds.
[INFO] Acceptance ratio 0.22369384765625.
[INFO] Number of proposed samples with infinite loglikelihood: 0 of the last 16384 iterations.
[INFO] Remaining time 604123.5792880058 seconds
[INFO] Remaining iterations 290400
[INFO] Current sample [2.9277398563995054, 17.288653800529335, 6.362389453043104, 5.981643740260685, 3.3186774748973282, 4.017524166589408, 3.7117240032317675, 3.043066584534408, 2.225755918442589, 1.899125232044728, 1.5526909642372306, 0.8277099067208178, 0.5945751901964007, 0.41063116030318825, 0.3642048852276691, 0.299219943817449, -724.9821993423651].
[INFO] Current loglikelihood -715.2131196558805.
[INFO] Iteration 557056.
[INFO] Current time 2025-03-06T12:04:25.399.
[INFO] Elapsed time 696.7078139781952 seconds.
[INFO] Acceptance ratio 0.2138671875.
[INFO] Number of proposed samples with infinite loglikelihood: 0 of the last 16384 iterations.
[INFO] Remaining time 604103.2921829224 seconds
[INFO] Remaining iterations 274016
[INFO] Current sample [2.837441272821401, 15.538948617274016, 5.117885558152143, 5.244921497449754, 2.980478307328094, 3.8535501698409558, 3.571136539537964, 3.028491639314538, 2.001030800239797, 1.797755448645003, 1.5531325078983655, 0.8315470719336725, 0.5978927136816415, 0.4137551737805519, 0.3913681583358946, 0.3321145763589255, -721.0200424043101].
[INFO] Current loglikelihood -713.1772633632451.
[INFO] Iteration 573440.
[INFO] Current time 2025-03-06T12:04:45.829.
[INFO] Elapsed time 717.1376631259918 seconds.
[INFO] Acceptance ratio 0.2138671875.
[INFO] Number of proposed samples with infinite loglikelihood: 0 of the last 16384 iterations.
[INFO] Remaining time 604082.8623299599 seconds
[INFO] Remaining iterations 257632
[INFO] Current sample [2.7166961798797997, 13.780078156985057, 5.6896192001789405, 4.267932684206032, 3.058947375340159, 3.532652886417492, 3.0828288222737203, 2.9065179380471564, 1.9347677583975045, 1.7583305150966841, 1.4486632457295765, 0.7800581323651331, 0.5832073801016764, 0.41234953584265904, 0.42598423374422867, 0.32384160410513957, -723.9332414485501].
[INFO] Current loglikelihood -718.8634647212117.
[INFO] Iteration 589824.
[INFO] Current time 2025-03-06T12:05:06.311.
[INFO] Elapsed time 737.6192409992218 seconds.
[INFO] Acceptance ratio 0.2166748046875.
[INFO] Number of proposed samples with infinite loglikelihood: 0 of the last 16384 iterations.
[INFO] Remaining time 604062.3807559013 seconds
[INFO] Remaining iterations 241248
[INFO] Current sample [2.3517600345747014, 12.219324901096662, 4.754082191036527, 3.351505850567555, 2.5103124323064674, 2.995350045040146, 2.930277639568642, 2.556529668902832, 1.732913349076627, 1.5524114196246783, 1.3758750350374813, 0.8342837945671082, 0.6266145893065345, 0.4502165047155012, 0.44136238731351435, 0.3450593226419385, -722.9010971968899].
[INFO] Current loglikelihood -719.3885659583377.
[INFO] Iteration 606208.
[INFO] Current time 2025-03-06T12:05:26.701.
[INFO] Elapsed time 758.009516954422 seconds.
[INFO] Acceptance ratio 0.21807861328125.
[INFO] Number of proposed samples with infinite loglikelihood: 0 of the last 16384 iterations.
[INFO] Remaining time 604041.9904799461 seconds
[INFO] Remaining iterations 224864
[INFO] Current sample [2.1702779196448976, 10.979916321737988, 4.275330914372305, 4.068217201202571, 2.226190651425599, 3.0405030321641098, 2.6499813770294063, 2.438897630909777, 1.6888691938490075, 1.5079354313993096, 1.337150650984314, 0.8560103241863752, 0.6466397766076301, 0.48053795070014516, 0.48780399427379256, 0.37227600987413734, -726.5240514038953].
[INFO] Current loglikelihood -721.9004788587808.
[INFO] Iteration 622592.
[INFO] Current time 2025-03-06T12:05:47.442.
[INFO] Elapsed time 778.7502760887146 seconds.
[INFO] Acceptance ratio 0.21685791015625.
[INFO] Number of proposed samples with infinite loglikelihood: 0 of the last 16384 iterations.
[INFO] Remaining time 604021.2497210503 seconds
[INFO] Remaining iterations 208480
[INFO] Current sample [2.7622094141649938, 11.990789714324208, 4.373361953264662, 4.004039904693674, 2.4018479522694327, 3.3803304857067613, 2.806075795900299, 2.6356878006026268, 1.723527335946928, 1.6604729695739269, 1.368259119541279, 0.7830968865820747, 0.6349005623038294, 0.388185897784495, 0.4544084677294392, 0.43044852809002, -723.7747539477926].
[INFO] Current loglikelihood -719.3376007729594.
[INFO] Iteration 638976.
[INFO] Current time 2025-03-06T12:06:07.814.
[INFO] Elapsed time 799.1224291324615 seconds.
[INFO] Acceptance ratio 0.2156982421875.
[INFO] Number of proposed samples with infinite loglikelihood: 0 of the last 16384 iterations.
[INFO] Remaining time 604000.8775629997 seconds
[INFO] Remaining iterations 192096
[INFO] Current sample [2.684257224092559, 13.991190562482014, 5.663805476122169, 4.811846743644912, 2.7885719306146566, 3.654191558230726, 3.0537706647709735, 2.86426800333635, 1.8171612430310322, 1.7593551841959059, 1.4554187999780235, 0.806285104341307, 0.6092744244462766, 0.42504003120312184, 0.39611645228423453, 0.3323536470126017, -719.7499982901376].
[INFO] Current loglikelihood -712.5230187089437.
[INFO] Iteration 655360.
[INFO] Current time 2025-03-06T12:06:28.173.
[INFO] Elapsed time 819.4815399646759 seconds.
[INFO] Acceptance ratio 0.21978759765625.
[INFO] Number of proposed samples with infinite loglikelihood: 0 of the last 16384 iterations.
[INFO] Remaining time 603980.5184569359 seconds
[INFO] Remaining iterations 175712
[INFO] Current sample [3.222060595737466, 11.200456525011306, 5.024597668980173, 4.464724703477131, 2.006307918443974, 3.3068547503090495, 2.969793610107894, 2.4950037792013657, 1.714150950849588, 1.5658152259322748, 1.3501945266448372, 0.7528110015255616, 0.6093467275288227, 0.39638487949571455, 0.43463944622636197, 0.39713619855877236, -725.085229971196].
[INFO] Current loglikelihood -717.065759956671.
[INFO] Iteration 671744.
[INFO] Current time 2025-03-06T12:06:48.539.
[INFO] Elapsed time 839.8469800949097 seconds.
[INFO] Acceptance ratio 0.2127685546875.
[INFO] Number of proposed samples with infinite loglikelihood: 0 of the last 16384 iterations.
[INFO] Remaining time 603960.1530170441 seconds
[INFO] Remaining iterations 159328
[INFO] Current sample [2.879047206976142, 11.845639077652015, 3.6467639803438274, 4.711939640449664, 2.3700610958574675, 3.4030193092683296, 2.782006981392377, 2.693540226694004, 1.7143392605606447, 1.6277365955772083, 1.3693401931144975, 0.7650521963464142, 0.5692627270112381, 0.4333754116519944, 0.4380265977660873, 0.39805394773079333, -723.5390744741055].
[INFO] Current loglikelihood -716.2417440873535.
[INFO] Iteration 688128.
[INFO] Current time 2025-03-06T12:07:08.935.
[INFO] Elapsed time 860.243320941925 seconds.
[INFO] Acceptance ratio 0.21173095703125.
[INFO] Number of proposed samples with infinite loglikelihood: 0 of the last 16384 iterations.
[INFO] Remaining time 603939.7566759586 seconds
[INFO] Remaining iterations 142944
[INFO] Current sample [1.929326923104578, 14.867710010424107, 4.060986133230416, 3.4624670393175534, 2.7880181434553344, 3.2645417530284986, 3.19580421297617, 2.847726690315359, 1.9798675332883247, 1.677986657379024, 1.5085340352549461, 0.8682516292448621, 0.6455851752772247, 0.4743265867788532, 0.39560289539173754, 0.3654323121853171, -722.3526307486353].
[INFO] Current loglikelihood -718.1092227401173.
[INFO] Iteration 704512.
[INFO] Current time 2025-03-06T12:07:29.684.
[INFO] Elapsed time 880.9925141334534 seconds.
[INFO] Acceptance ratio 0.2132568359375.
[INFO] Number of proposed samples with infinite loglikelihood: 0 of the last 16384 iterations.
[INFO] Remaining time 603919.007475853 seconds
[INFO] Remaining iterations 126560
[INFO] Current sample [2.5696517829053893, 14.069762857223786, 4.89017290492445, 4.585863003033623, 2.3579341518507, 3.4059763320459613, 3.309429487141196, 2.842538327937473, 1.8795053222010747, 1.7607265311486862, 1.4879243786075624, 0.8333123858627467, 0.6016611015797642, 0.4320804549942527, 0.4038065852239325, 0.30041792824897107, -724.9637060291735].
[INFO] Current loglikelihood -716.8963771844841.
[INFO] Iteration 720896.
[INFO] Current time 2025-03-06T12:07:50.414.
[INFO] Elapsed time 901.7221810817719 seconds.
[INFO] Acceptance ratio 0.2235107421875.
[INFO] Number of proposed samples with infinite loglikelihood: 0 of the last 16384 iterations.
[INFO] Remaining time 603898.2778098583 seconds
[INFO] Remaining iterations 110176
[INFO] Current sample [2.2132634680985808, 16.02511072460803, 4.884781355578897, 4.59266915120934, 2.9576549399049514, 3.3317466992469447, 3.3585915767556394, 2.791620093641852, 2.143055352768324, 1.7935213893205502, 1.528524884327027, 0.8650369325575932, 0.6458222304633997, 0.4780609793048614, 0.3613317135489082, 0.3182516243716714, -726.5367282118253].
[INFO] Current loglikelihood -720.601490531776.
[INFO] Iteration 737280.
[INFO] Current time 2025-03-06T12:08:11.059.
[INFO] Elapsed time 922.3673961162567 seconds.
[INFO] Acceptance ratio 0.21319580078125.
[INFO] Number of proposed samples with infinite loglikelihood: 0 of the last 16384 iterations.
[INFO] Remaining time 603877.6325960159 seconds
[INFO] Remaining iterations 93792
[INFO] Current sample [2.6619098675469597, 9.98384433295558, 3.5856694380854566, 3.815618817921038, 1.9344399527038334, 2.982394322640128, 2.674617894041516, 2.2414944675119353, 1.6562294269141258, 1.5274755907929236, 1.265651929619793, 0.7452281345445316, 0.639987731446755, 0.44386368515740854, 0.48897918039584143, 0.4928687884017011, -722.7929155239705].
[INFO] Current loglikelihood -718.5917473102127.
[INFO] Iteration 753664.
[INFO] Current time 2025-03-06T12:08:31.468.
[INFO] Elapsed time 942.776141166687 seconds.
[INFO] Acceptance ratio 0.216796875.
[INFO] Number of proposed samples with infinite loglikelihood: 0 of the last 16384 iterations.
[INFO] Remaining time 603857.2238550186 seconds
[INFO] Remaining iterations 77408
[INFO] Current sample [4.146261421236059, 15.403777784294356, 7.82751851251153, 6.58762768274263, 4.057604320666988, 3.9877378687892855, 3.5758345796025393, 3.3189922849834366, 2.1173703083003605, 2.005788461321485, 1.442293256554289, 0.7393053077522664, 0.5578242754025634, 0.34818317127698745, 0.394519976536973, 0.2816757965642684, -737.4879203917599].
[INFO] Current loglikelihood -728.7987180106969.
[INFO] Iteration 770048.
[INFO] Current time 2025-03-06T12:08:51.974.
[INFO] Elapsed time 963.2822120189667 seconds.
[INFO] Acceptance ratio 0.214111328125.
[INFO] Number of proposed samples with infinite loglikelihood: 0 of the last 16384 iterations.
[INFO] Remaining time 603836.7177848816 seconds
[INFO] Remaining iterations 61024
[INFO] Current sample [2.326321641303014, 16.07093248166579, 5.667337102099238, 4.998622033584086, 3.4373477374872645, 3.50646151085699, 3.462303184696067, 3.0740840760843096, 2.0247487599129315, 1.815058733900603, 1.5371511575650347, 0.8837088280467434, 0.623862782838056, 0.4520461469523079, 0.38287809701583153, 0.3284776471859261, -720.3275202500081].
[INFO] Current loglikelihood -714.1136499049018.
[INFO] Iteration 786432.
[INFO] Current time 2025-03-06T12:09:12.402.
[INFO] Elapsed time 983.7106881141663 seconds.
[INFO] Acceptance ratio 0.21417236328125.
[INFO] Number of proposed samples with infinite loglikelihood: 0 of the last 16384 iterations.
[INFO] Remaining time 603816.2893078327 seconds
[INFO] Remaining iterations 44640
[INFO] Current sample [2.556622059941407, 17.692609355664036, 6.069445928835212, 5.244428740713534, 3.2888195511805707, 4.239346478249768, 3.6558350900892465, 3.211455140816647, 2.1940554825026664, 1.9244063178899928, 1.589713568014627, 0.8752906756694452, 0.5885251059260368, 0.4166190649052817, 0.3659623535756102, 0.30247546467802233, -720.9011543637308].
[INFO] Current loglikelihood -711.5995867925476.
[INFO] Iteration 802816.
[INFO] Current time 2025-03-06T12:09:33.184.
[INFO] Elapsed time 1004.4925689697266 seconds.
[INFO] Acceptance ratio 0.21539306640625.
[INFO] Number of proposed samples with infinite loglikelihood: 0 of the last 16384 iterations.
[INFO] Remaining time 603795.5074269772 seconds
[INFO] Remaining iterations 28256
[INFO] Current sample [2.3179555437814416, 11.590565053565726, 4.63115760329313, 3.1492844085024183, 2.3471047736862656, 3.1030766920477717, 2.666206298233435, 2.4017906593631713, 1.7023089380985987, 1.5123151018106376, 1.3469656658873344, 0.7917799055250437, 0.5994573917306042, 0.462351347672567, 0.4847327594296992, 0.46762466431601285, -724.8564631729338].
[INFO] Current loglikelihood -721.2282967367305.
[INFO] Iteration 819200.
[INFO] Current time 2025-03-06T12:09:53.801.
[INFO] Elapsed time 1025.1091029644012 seconds.
[INFO] Acceptance ratio 0.22137451171875.
[INFO] Number of proposed samples with infinite loglikelihood: 0 of the last 16384 iterations.
[INFO] Remaining time 603774.8908929825 seconds
[INFO] Remaining iterations 11872
[INFO] Current sample [2.583668615766784, 14.836857562766117, 4.39507870418991, 5.039020625857078, 3.4337129062988145, 3.9002036045338095, 3.1895165082040666, 2.9367129849609146, 1.919472972896791, 1.7744788027973273, 1.477114760836387, 0.8600599962555291, 0.6006178242656539, 0.4363614707104649, 0.40158463579994386, 0.3371112430674032, -721.0140954942954].
[INFO] Current loglikelihood -715.8500516767958.
[INFO] Iteration 831072.
[INFO] Current time 2025-03-06T12:10:08.700.
[INFO] Elapsed time 1040.0086460113525 seconds.
[INFO] Acceptance ratio 0.2094845013477089.
[INFO] Number of proposed samples with infinite loglikelihood: 0 of the last 11872 iterations.
[INFO] Remaining time 603759.9913508892 seconds
[INFO] Remaining iterations 0
[INFO] Current sample [2.897834999039423, 10.480209137853402, 4.090638161207022, 3.9316756574999534, 2.475210990815853, 3.1964196574433705, 2.6624391492498796, 2.317194399215845, 1.769226917717633, 1.5983568233604242, 1.370119801450056, 0.7398504029710061, 0.635155795770829, 0.4434285643264893, 0.4430162820669185, 0.46262332442063325, -726.5408190111197].
[INFO] Current loglikelihood -724.628312626629.
[INFO] END STATUS
[INFO]     current time 2025-03-06T12:10:08.900.
[INFO]     elapsed time: 1040.2084691524506 seconds.
[INFO]     timeout: false.
[INFO]     max iters reached: true.
[INFO]     number of unique samples: 176555.
[INFO]     number of proposed samples with infinite loglikelihood: 0
[INFO]     samples filesize:
[INFO]         header: 3 (24 bytes).
[INFO]         samples: 883014.0 (113025792 bytes).
[INFO]         total: 113025816 bytes (eof at 113025816).
[INFO]     MH Config:
[INFO]         samples_write_buffer_size: 16384
[INFO]         samples_write_file: data/expcovfn_vic_covid_kalman_param_samples.f64_array.bin
[INFO]         maxiters: 831072
[INFO]         nparams: 16
[INFO]         max_time_sec: 604800.0
[INFO]         init_sample: [1.9702021026565733, 7.947063333951174, 2.214743332299293, 2.6967066321185844, 2.167452882032263, 2.359025973872552, 2.1045936334458486, 1.9690462905306627, 1.4794144545843726, 1.3941797483724367, 1.2432786509359939, 0.7641490313968745, 0.6729689849702709, 0.5254615752270348, 0.5538658257704514, 0.6020087633774175]
[INFO]         verbose: true
[INFO]         info_file: data/expcovfn_vic_covid_kalman.info.txt
[INFO]         adaptive: true
[INFO]         nadapt: 131072
[INFO]         adapt_cov_scale: 0.34
[INFO]         continue_from_write_file: false
