[INFO] Iteration 16384.
[INFO] Current time 2025-02-21T17:59:16.557.
[INFO] Elapsed time 20.656732082366943 seconds.
[INFO] Acceptance ratio 0.22412109375.
[INFO] Number of proposed samples with infinite loglikelihood: 0 of the last 16384 iterations.
[INFO] Remaining time 604779.3432638645 seconds
[INFO] Remaining iterations 814688
[INFO] Current sample [2.0608430563481823, 9.81948827710192, 3.071381521338097, 2.8455281320194237, 2.321058129277811, 2.7329634549582673, 2.441703146330078, 2.2274675813161515, 1.6619838095857604, 1.420076270864133, 1.287315717457367, 0.756503761258544, 0.6579824301008002, 0.5014677061339126, 0.4520532359024396, 0.4892610968691617, -735.7618684771435].
[INFO] Current loglikelihood -722.3526750534826.
[INFO] Adapting proposal at iteration 16384.
[INFO] Proposal at iteration 16384: MutableMvNormal{FullNormal}(FullNormal(
dim: 16
μ: [2.0608430563481823, 9.81948827710192, 3.071381521338097, 2.8455281320194237, 2.321058129277811, 2.7329634549582673, 2.441703146330078, 2.2274675813161515, 1.6619838095857604, 1.420076270864133, 1.287315717457367, 0.756503761258544, 0.6579824301008002, 0.5014677061339126, 0.4520532359024396, 0.4892610968691617]
Σ: [0.038608005652218745 -0.062633285597892 0.007828899218876919 0.0034157785220946123 0.0012070073782211278 -4.5057788941584946e-5 0.0025512511951310216 -0.0028975150168245156 -0.002811462887780997 0.0001091826182510541 -0.002550161431781239 -0.002339798985699359 -0.0011116425616103569 -0.0008980635261072395 0.001022835356272439 0.0005926053356852671; -0.062633285597892 0.7601029415208232 0.11921207046359296 0.11238942328301996 0.10361066761799247 0.08738397178413304 0.07873530319665782 0.0781834491170156 0.04733450486321418 0.027580462923228286 0.024756899871780657 0.00973299684384681 -0.004576957993447904 -0.011733832779289372 -0.022649509020189574 -0.02231039307798179; 0.007828899218876919 0.11921207046359296 0.05100695272334615 0.03261667505476707 0.0245580985252846 0.017969820516631714 0.01733285919890714 0.014052714924405687 0.00804782450651093 0.005412450067966681 0.0037285898239423514 0.0007047286299142117 -0.001456946881898572 -0.0029697035964794585 -0.004021326665013499 -0.0039915169643754715; 0.0034157785220946123 0.11238942328301996 0.03261667505476707 0.033723394191930364 0.023435275834184324 0.016327500081655264 0.01517255110026939 0.012878572114997483 0.007442199046910739 0.004862785054826961 0.0034571367480347886 0.0008044467677696004 -0.0012170365890588203 -0.0024650647031320243 -0.0036378669380235217 -0.0036982145158007316; 0.0012070073782211278 0.10361066761799247 0.0245580985252846 0.023435275834184324 0.026911745733769903 0.015402991731615776 0.013113010143674357 0.011541971897649833 0.006846270968096189 0.004356906992062871 0.0033341096755942694 0.0008709410547716439 -0.0011300493215435612 -0.0021827983476863824 -0.0033682550336910856 -0.003264430210345836; -4.5057788941584946e-5 0.08738397178413304 0.017969820516631714 0.016327500081655264 0.015402991731615776 0.01663942790790874 0.011371989560617019 0.009455280179399513 0.005781839223944781 0.003658744209881095 0.0028178446678091724 0.0007517343289164083 -0.0008114723053683476 -0.001734003369004736 -0.002869479741046738 -0.002742297412169368; 0.0025512511951310216 0.07873530319665782 0.01733285919890714 0.01517255110026939 0.013113010143674357 0.011371989560617019 0.01321149280200399 0.008995199924779236 0.005183629101247207 0.0035371382167395703 0.0024503691373660074 0.000587798184746495 -0.0008334553812131728 -0.0017286668370278956 -0.0025797724834149493 -0.0026175586169315773; -0.0028975150168245156 0.0781834491170156 0.014052714924405687 0.012878572114997483 0.011541971897649833 0.009455280179399513 0.008995199924779236 0.009764891542106306 0.004867783946303886 0.003124743320662085 0.0025269028791711718 0.0008351096523729999 -0.0006481634762152835 -0.0014376731237466817 -0.002434172959015888 -0.002434486357529407; -0.002811462887780997 0.04733450486321418 0.00804782450651093 0.007442199046910739 0.006846270968096189 0.005781839223944781 0.005183629101247207 0.004867783946303886 0.003532939718881694 0.0017436719933293194 0.0015328432055056206 0.0005495467302436014 -0.0003219171402904965 -0.0007927167266221998 -0.0014066350473789127 -0.001406183711790364; 0.0001091826182510541 0.027580462923228286 0.005412450067966681 0.004862785054826961 0.004356906992062871 0.003658744209881095 0.0035371382167395703 0.003124743320662085 0.0017436719933293194 0.0015468490488523003 0.0008333306526271133 0.00025883199069012363 -0.00029265706512696175 -0.0005708820104516186 -0.000887403706836047 -0.0009165618533222305; -0.002550161431781239 0.024756899871780657 0.0037285898239423514 0.0034571367480347886 0.0033341096755942694 0.0028178446678091724 0.0024503691373660074 0.0025269028791711718 0.0015328432055056206 0.0008333306526271133 0.001044888702936771 0.00032299231997872876 -0.00011362046996850999 -0.00034740974418397857 -0.0007349385121863398 -0.000705464829892059; -0.002339798985699359 0.00973299684384681 0.0007047286299142117 0.0008044467677696004 0.0008709410547716439 0.0007517343289164083 0.000587798184746495 0.0008351096523729999 0.0005495467302436014 0.00025883199069012363 0.00032299231997872876 0.0003534767832269103 -3.5982255502431084e-5 -4.527693559419562e-5 -0.00024788556682559865 -0.00022617831649350735; -0.0011116425616103569 -0.004576957993447904 -0.001456946881898572 -0.0012170365890588203 -0.0011300493215435612 -0.0008114723053683476 -0.0008334553812131728 -0.0006481634762152835 -0.0003219171402904965 -0.00029265706512696175 -0.00011362046996850999 -3.5982255502431084e-5 0.00026874979139298005 0.00012987188087713766 0.00020033542545692292 0.000176853749951683; -0.0008980635261072395 -0.011733832779289372 -0.0029697035964794585 -0.0024650647031320243 -0.0021827983476863824 -0.001734003369004736 -0.0017286668370278956 -0.0014376731237466817 -0.0007927167266221998 -0.0005708820104516186 -0.00034740974418397857 -4.527693559419562e-5 0.00012987188087713766 0.00044743826907629676 0.0003793072088117451 0.00042958741041773; 0.001022835356272439 -0.022649509020189574 -0.004021326665013499 -0.0036378669380235217 -0.0033682550336910856 -0.002869479741046738 -0.0025797724834149493 -0.002434172959015888 -0.0014066350473789127 -0.000887403706836047 -0.0007349385121863398 -0.00024788556682559865 0.00020033542545692292 0.0003793072088117451 0.0009604996047624647 0.0006547779901260109; 0.0005926053356852671 -0.02231039307798179 -0.0039915169643754715 -0.0036982145158007316 -0.003264430210345836 -0.002742297412169368 -0.0026175586169315773 -0.002434486357529407 -0.001406183711790364 -0.0009165618533222305 -0.000705464829892059 -0.00022617831649350735 0.000176853749951683 0.00042958741041773 0.0006547779901260109 0.0010989720220071371]
)
)
[INFO] Iteration 32768.
[INFO] Current time 2025-02-21T17:59:35.971.
[INFO] Elapsed time 40.02327609062195 seconds.
[INFO] Acceptance ratio 0.2412109375.
[INFO] Number of proposed samples with infinite loglikelihood: 0 of the last 16384 iterations.
[INFO] Remaining time 604759.9767198563 seconds
[INFO] Remaining iterations 798304
[INFO] Current sample [2.001501576081381, 8.50449716124057, 2.371077975460491, 2.326999293185917, 2.2069427343722534, 2.496790606104481, 2.3483478598259437, 2.0853228116787377, 1.4651228783720183, 1.4270553886111406, 1.3211351307464096, 0.7438007415098546, 0.6601598400421322, 0.5242855384018437, 0.5267778251361331, 0.5313397467929113, -736.7190523196399].
[INFO] Current loglikelihood -727.3044220876416.
[INFO] Adapting proposal at iteration 32768.
[INFO] Proposal at iteration 32768: MutableMvNormal{FullNormal}(FullNormal(
dim: 16
μ: [2.001501576081381, 8.50449716124057, 2.371077975460491, 2.326999293185917, 2.2069427343722534, 2.496790606104481, 2.3483478598259437, 2.0853228116787377, 1.4651228783720183, 1.4270553886111406, 1.3211351307464096, 0.7438007415098546, 0.6601598400421322, 0.5242855384018437, 0.5267778251361331, 0.5313397467929113]
Σ: [0.039688568781382196 -0.052578753651459816 0.006538013059057502 0.005197554535654873 0.005176927515566209 0.0023927871242485498 0.004453556574665996 -0.0014941552857559925 -0.0028171991273889772 0.0005528385964447922 -0.001946332212530068 -0.0022548805767141915 -0.001400575495166152 -0.0007860453419959687 0.0006022167656958458 0.0002614862518807592; -0.052578753651459816 0.7650239760364945 0.11206116565232592 0.1176588103631804 0.10715353525263976 0.09485683068659606 0.08001520256814187 0.08093706985177303 0.049247291505885964 0.02898901165572146 0.023252260163610167 0.00894824167416968 -0.004628348940852859 -0.012049086333813078 -0.02272254269936689 -0.024177332449485903; 0.006538013059057502 0.11206116565232592 0.04393282450695381 0.030102583296208303 0.022756191981737887 0.018158754352166583 0.014815770529107144 0.013309463462481089 0.007337356859909776 0.005192158206961186 0.00330731419922703 0.0005977341842417098 -0.0014169408857961044 -0.002429715028478501 -0.0036444502436749518 -0.004256491325506031; 0.005197554535654873 0.1176588103631804 0.030102583296208303 0.034219522559483496 0.024616368478174534 0.018920637936906754 0.01590315354264354 0.01390473293646386 0.0077620050076603435 0.005308011778617322 0.0033623154897580686 0.0007481608738418504 -0.00140224714640983 -0.002394714735649076 -0.0037446823880078746 -0.004182364491249614; 0.005176927515566209 0.10715353525263976 0.022756191981737887 0.024616368478174534 0.029725050331095102 0.017995479846624224 0.014838931302553144 0.012680936280169 0.007146755204088416 0.004960072609163313 0.0030176338951309256 0.0007130013305737272 -0.0013056878019041878 -0.002183855056561167 -0.0035531493555059288 -0.003876941223011942; 0.0023927871242485498 0.09485683068659606 0.018158754352166583 0.018920637936906754 0.017995479846624224 0.018770072614797705 0.012642052819196748 0.01115450614051652 0.006150306032802788 0.004172080310296196 0.0027072551916485685 0.0007872675026391044 -0.0010338478561013292 -0.0018688530163440949 -0.0030560989908886256 -0.003390126140428147; 0.004453556574665996 0.08001520256814187 0.014815770529107144 0.01590315354264354 0.014838931302553144 0.012642052819196748 0.013895928619197893 0.009463417939184152 0.005256631195970456 0.0037472341151827144 0.0022815482766898503 0.0004742075133864842 -0.0009467512549610392 -0.0017058109715553738 -0.002618132426410815 -0.002861230659550106; -0.0014941552857559925 0.08093706985177303 0.013309463462481089 0.01390473293646386 0.012680936280169 0.01115450614051652 0.009463417939184152 0.010325741116987374 0.005219961051051407 0.003325171527205934 0.002428453371850666 0.0007515204126799674 -0.0006619069238885224 -0.001481614677224539 -0.0024808448958947857 -0.0027174061687126405; -0.0028171991273889772 0.049247291505885964 0.007337356859909776 0.0077620050076603435 0.007146755204088416 0.006150306032802788 0.005256631195970456 0.005219961051051407 0.0036883280583094352 0.0018472822480780189 0.0014918462357296405 0.0005627282184892695 -0.0003162646851652692 -0.0007809742811725631 -0.0014873635768044657 -0.0015579880831103716; 0.0005528385964447922 0.02898901165572146 0.005192158206961186 0.005308011778617322 0.004960072609163313 0.004172080310296196 0.0037472341151827144 0.003325171527205934 0.0018472822480780189 0.0016380616821890968 0.0008167741342944282 0.00022185769344364243 -0.0003001803422278378 -0.0005715412122742706 -0.0009195915425472478 -0.000996673067115023; -0.001946332212530068 0.023252260163610167 0.00330731419922703 0.0033623154897580686 0.0030176338951309256 0.0027072551916485685 0.0022815482766898503 0.002428453371850666 0.0014918462357296405 0.0008167741342944282 0.0009708668696747697 0.00026622100911134305 -0.00011534358604353783 -0.00034418877956300496 -0.0006848305011499186 -0.000709448990825823; -0.0022548805767141915 0.00894824167416968 0.0005977341842417098 0.0007481608738418504 0.0007130013305737272 0.0007872675026391044 0.0004742075133864842 0.0007515204126799674 0.0005627282184892695 0.00022185769344364243 0.00026622100911134305 0.00032220785586369846 -1.7234275064612816e-6 -5.6197187433858836e-5 -0.00021270184693713347 -0.00021552713732889297; -0.001400575495166152 -0.004628348940852859 -0.0014169408857961044 -0.00140224714640983 -0.0013056878019041878 -0.0010338478561013292 -0.0009467512549610392 -0.0006619069238885224 -0.0003162646851652692 -0.0003001803422278378 -0.00011534358604353783 -1.7234275064612816e-6 0.00025821588969019446 0.00013699868173273926 0.0001951914608385379 0.0002185488946239577; -0.0007860453419959687 -0.012049086333813078 -0.002429715028478501 -0.002394714735649076 -0.002183855056561167 -0.0018688530163440949 -0.0017058109715553738 -0.001481614677224539 -0.0007809742811725631 -0.0005715412122742706 -0.00034418877956300496 -5.6197187433858836e-5 0.00013699868173273926 0.0004275959258800343 0.0003729690320238912 0.00044285340940936844; 0.0006022167656958458 -0.02272254269936689 -0.0036444502436749518 -0.0037446823880078746 -0.0035531493555059288 -0.0030560989908886256 -0.002618132426410815 -0.0024808448958947857 -0.0014873635768044657 -0.0009195915425472478 -0.0006848305011499186 -0.00021270184693713347 0.0001951914608385379 0.0003729690320238912 0.0009372680409322571 0.000731630394390505; 0.0002614862518807592 -0.024177332449485903 -0.004256491325506031 -0.004182364491249614 -0.003876941223011942 -0.003390126140428147 -0.002861230659550106 -0.0027174061687126405 -0.0015579880831103716 -0.000996673067115023 -0.000709448990825823 -0.00021552713732889297 0.0002185488946239577 0.00044285340940936844 0.000731630394390505 0.0011485320325838736]
)
)
[INFO] Iteration 49152.
[INFO] Current time 2025-02-21T17:59:54.928.
[INFO] Elapsed time 58.980334997177124 seconds.
[INFO] Acceptance ratio 0.24737548828125.
[INFO] Number of proposed samples with infinite loglikelihood: 0 of the last 16384 iterations.
[INFO] Remaining time 604741.019659996 seconds
[INFO] Remaining iterations 781920
[INFO] Current sample [2.4119787377070647, 8.98141957331126, 3.2888964582245945, 3.009167925475882, 2.873010040792925, 2.269448842995374, 2.5002598377522998, 2.11229153902274, 1.5257283011096596, 1.4694455961552828, 1.2935826134382602, 0.7969406817086833, 0.6185850572371965, 0.5261249003610348, 0.49378880152152566, 0.4721219662723073, -743.4259854504805].
[INFO] Current loglikelihood -730.8185122446165.
[INFO] Adapting proposal at iteration 49152.
[INFO] Proposal at iteration 49152: MutableMvNormal{FullNormal}(FullNormal(
dim: 16
μ: [2.4119787377070647, 8.98141957331126, 3.2888964582245945, 3.009167925475882, 2.873010040792925, 2.269448842995374, 2.5002598377522998, 2.11229153902274, 1.5257283011096596, 1.4694455961552828, 1.2935826134382602, 0.7969406817086833, 0.6185850572371965, 0.5261249003610348, 0.49378880152152566, 0.4721219662723073]
Σ: [0.032509983039922925 -0.04878112172425087 0.008067373069296698 0.004331355659954343 0.0027454851444332264 0.001307647769482114 0.0038769875056777502 -0.0016211529977892922 -0.0026160525729891975 0.00032253961495419314 -0.0018893743555549584 -0.0019402925082376106 -0.0010433276095458428 -0.0009217506470507373 0.0007545325373143007 0.0003263231199908315; -0.04878112172425087 0.8843337766925934 0.12639616362546585 0.13743623373060787 0.12878084739909754 0.1134519356245126 0.09589855714128397 0.09339802601115409 0.05937393313605471 0.034921657798503564 0.029948969976352893 0.009567564123681375 -0.005243643566966867 -0.013423900212751033 -0.025127721271915864 -0.02465860653486362; 0.008067373069296698 0.12639616362546585 0.048671621278889646 0.03485063407131274 0.026459466165398654 0.020879810404035543 0.01862700573946238 0.014971775676467031 0.008891743860074505 0.006295196394262049 0.0041018872483731365 0.0006135553647375642 -0.0012836596175015548 -0.0028716521755698613 -0.003964251479168707 -0.003920301707883312; 0.004331355659954343 0.13743623373060787 0.03485063407131274 0.03887929249540972 0.02840816446005846 0.021974850128489206 0.01845043021129223 0.01604453141070287 0.009631618491617205 0.006263409367589996 0.004493912181287362 0.0009922267687030204 -0.001331028682170456 -0.00279513537786246 -0.004157619877626693 -0.004142977973689003; 0.0027454851444332264 0.12878084739909754 0.026459466165398654 0.02840816446005846 0.032230817261559956 0.021101385266223564 0.01708350287696942 0.014870905736547728 0.009025884168271674 0.0058723220395737715 0.004282551964270763 0.0009236207397085003 -0.0012393018040461595 -0.0025277152746594317 -0.003890529494472181 -0.003915247651710689; 0.001307647769482114 0.1134519356245126 0.020879810404035543 0.021974850128489206 0.021101385266223564 0.021532334203658552 0.015009537987474352 0.012781747762991765 0.007777972652654618 0.005165511928941561 0.0037726436826538362 0.0009042346466900695 -0.001038971282522892 -0.0022215189738064352 -0.0034033298686676192 -0.003399469728574681; 0.0038769875056777502 0.09589855714128397 0.01862700573946238 0.01845043021129223 0.01708350287696942 0.015009537987474352 0.015947836496389915 0.011023073536504956 0.006681661092142962 0.004509924786429344 0.003153944404600701 0.0005783952090629724 -0.0009819152083548552 -0.0019581485078001087 -0.0028799228461629865 -0.0029720629177221055; -0.0016211529977892922 0.09339802601115409 0.014971775676467031 0.01604453141070287 0.014870905736547728 0.012781747762991765 0.011023073536504956 0.01155158688723694 0.006232014795020492 0.003929776315524122 0.0031251577346009187 0.0008309804430667967 -0.0006682745870355878 -0.001616394890747438 -0.002696700925849393 -0.0027476397602182565; -0.0026160525729891975 0.05937393313605471 0.008891743860074505 0.009631618491617205 0.009025884168271674 0.007777972652654618 0.006681661092142962 0.006232014795020492 0.0045560662549503726 0.002332804343189862 0.0020203085960346125 0.0006056724096728625 -0.0003735067638780968 -0.0009590595617236359 -0.0016905353116218546 -0.001646213582707577; 0.00032253961495419314 0.034921657798503564 0.006295196394262049 0.006263409367589996 0.0058723220395737715 0.005165511928941561 0.004509924786429344 0.003929776315524122 0.002332804343189862 0.0018956796773907656 0.0011447428521068532 0.0002778544983780561 -0.00029734268079720526 -0.0006621331471786821 -0.0010289898557039813 -0.0010307588296337433; -0.0018893743555549584 0.029948969976352893 0.0041018872483731365 0.004493912181287362 0.004282551964270763 0.0037726436826538362 0.003153944404600701 0.0031251577346009187 0.0020203085960346125 0.0011447428521068532 0.0012633742464120904 0.00031786571567472106 -0.00015050097057341396 -0.00044487788021724066 -0.0008356441143648159 -0.0008078899927450072; -0.0019402925082376106 0.009567564123681375 0.0006135553647375642 0.0009922267687030204 0.0009236207397085003 0.0009042346466900695 0.0005783952090629724 0.0008309804430667967 0.0006056724096728625 0.0002778544983780561 0.00031786571567472106 0.00030724645248735467 -4.965781472772279e-6 -5.057810140002553e-5 -0.00023460887187271717 -0.0002184350300822986; -0.0010433276095458428 -0.005243643566966867 -0.0012836596175015548 -0.001331028682170456 -0.0012393018040461595 -0.001038971282522892 -0.0009819152083548552 -0.0006682745870355878 -0.0003735067638780968 -0.00029734268079720526 -0.00015050097057341396 -4.965781472772279e-6 0.0002416697104619322 0.00015089090192406217 0.00020254702989584141 0.00017998397660055058; -0.0009217506470507373 -0.013423900212751033 -0.0028716521755698613 -0.00279513537786246 -0.0025277152746594317 -0.0022215189738064352 -0.0019581485078001087 -0.001616394890747438 -0.0009590595617236359 -0.0006621331471786821 -0.00044487788021724066 -5.057810140002553e-5 0.00015089090192406217 0.00045182746207125064 0.00041080061612895467 0.0004193366783499898; 0.0007545325373143007 -0.025127721271915864 -0.003964251479168707 -0.004157619877626693 -0.003890529494472181 -0.0034033298686676192 -0.0028799228461629865 -0.002696700925849393 -0.0016905353116218546 -0.0010289898557039813 -0.0008356441143648159 -0.00023460887187271717 0.00020254702989584141 0.00041080061612895467 0.0009647775369907324 0.000701881727952851; 0.0003263231199908315 -0.02465860653486362 -0.003920301707883312 -0.004142977973689003 -0.003915247651710689 -0.003399469728574681 -0.0029720629177221055 -0.0027476397602182565 -0.001646213582707577 -0.0010307588296337433 -0.0008078899927450072 -0.0002184350300822986 0.00017998397660055058 0.0004193366783499898 0.000701881727952851 0.0010649175012102125]
)
)
[INFO] Iteration 65536.
[INFO] Current time 2025-02-21T18:00:14.324.
[INFO] Elapsed time 78.37578296661377 seconds.
[INFO] Acceptance ratio 0.24871826171875.
[INFO] Number of proposed samples with infinite loglikelihood: 0 of the last 16384 iterations.
[INFO] Remaining time 604721.624213934 seconds
[INFO] Remaining iterations 765536
[INFO] Current sample [2.042758136001484, 10.873801857361322, 3.514054756310986, 3.331935127790194, 2.5154178322304355, 2.6889773782302027, 2.534273016884053, 2.232990227206847, 1.663608979166113, 1.4553894110696648, 1.3491043659392246, 0.7851439609916044, 0.6387820329143888, 0.48709495704722444, 0.44981208520209376, 0.5183215041512604, -738.4601374831138].
[INFO] Current loglikelihood -722.2387594434654.
[INFO] Adapting proposal at iteration 65536.
[INFO] Proposal at iteration 65536: MutableMvNormal{FullNormal}(FullNormal(
dim: 16
μ: [2.042758136001484, 10.873801857361322, 3.514054756310986, 3.331935127790194, 2.5154178322304355, 2.6889773782302027, 2.534273016884053, 2.232990227206847, 1.663608979166113, 1.4553894110696648, 1.3491043659392246, 0.7851439609916044, 0.6387820329143888, 0.48709495704722444, 0.44981208520209376, 0.5183215041512604]
Σ: [0.042473223609271624 -0.06520065284410982 0.008335007696356731 0.006490558409707954 0.004258844695911823 0.0009593363048759887 0.0034199389305647515 -0.002281023622485129 -0.0030562261423319873 0.0002822046265652216 -0.00249749452341266 -0.002663107670159882 -0.0012231234694242835 -0.0009307419953034892 0.001179682912594924 0.0005515640880343601; -0.06520065284410982 0.7511040893858442 0.10971677676737898 0.10441036326088596 0.10136917444981668 0.09388694901480735 0.07789595378511804 0.0775597540934201 0.0470750702811612 0.026860865938455533 0.024260291570048 0.010105957103939 -0.003787503524011861 -0.01098373553959356 -0.020867184165295642 -0.022838765451245885; 0.008335007696356731 0.10971677676737898 0.047906837440941596 0.031708547226353245 0.02463783458468395 0.018758266495503752 0.016306813899823386 0.013598778294109269 0.007527227074593666 0.004942306101170512 0.0033452251186175713 0.000491965147270356 -0.0012677002204233034 -0.002630991336140314 -0.0035182029793220933 -0.0038257450326935304; 0.006490558409707954 0.10441036326088596 0.031708547226353245 0.03400344362969724 0.0242361079145577 0.017296268866148115 0.015002145498886212 0.012383347214060739 0.006987614176195184 0.004789692513319173 0.0032701240946655095 0.0006404914477739226 -0.0011985368260177063 -0.002394103029965712 -0.003300643710698587 -0.0035904379143909615; 0.004258844695911823 0.10136917444981668 0.02463783458468395 0.0242361079145577 0.028921138037084116 0.018040426642612937 0.01409957782775957 0.01184606561965325 0.006729112314675743 0.00456189731651987 0.003233253894123032 0.0008142400656333402 -0.0011037280781548379 -0.0021796590644833688 -0.0030133469671809344 -0.003599537912451215; 0.0009593363048759887 0.09388694901480735 0.018758266495503752 0.017296268866148115 0.018040426642612937 0.01882676707517903 0.012590989665741981 0.010741917697641157 0.006168423536173856 0.0039296215690305895 0.00289670469376859 0.0008597486200317749 -0.0008668726273043475 -0.0018226665724270221 -0.0026994161811133757 -0.0032048100157840657; 0.0034199389305647515 0.07789595378511804 0.016306813899823386 0.015002145498886212 0.01409957782775957 0.012590989665741981 0.013586625130562363 0.009185356268818383 0.005045761161482774 0.003542055537974887 0.0024216669962322224 0.0004944857976891973 -0.0007939892306816928 -0.001701154185825865 -0.0023157349368304924 -0.002706124309632981; -0.002281023622485129 0.0775597540934201 0.013598778294109269 0.012383347214060739 0.01184606561965325 0.010741917697641157 0.009185356268818383 0.009906811381700733 0.0049136256936492834 0.003053517960604116 0.002461670720098116 0.0008203758025969847 -0.0006021431048626814 -0.001338885685727446 -0.0022548207523176425 -0.002544420026409666; -0.0030562261423319873 0.0470750702811612 0.007527227074593666 0.006987614176195184 0.006729112314675743 0.006168423536173856 0.005045761161482774 0.0049136256936492834 0.0035497041381228446 0.0017377976935962225 0.0015225075112340976 0.0005813073721515767 -0.0002877915543795133 -0.0007452141101011115 -0.0013472214184760056 -0.0014691910525206234; 0.0002822046265652216 0.026860865938455533 0.004942306101170512 0.004789692513319173 0.00456189731651987 0.0039296215690305895 0.003542055537974887 0.003053517960604116 0.0017377976935962225 0.0015300395856984307 0.0007943288527219441 0.00024308626486806186 -0.0002499671786785648 -0.0005302821546554838 -0.000771627761950984 -0.000927705982165188; -0.00249749452341266 0.024260291570048 0.0033452251186175713 0.0032701240946655095 0.003233253894123032 0.00289670469376859 0.0024216669962322224 0.002461670720098116 0.0015225075112340976 0.0007943288527219441 0.0010533665182466002 0.00031118966547242566 -8.100362944041529e-5 -0.00033540584745929137 -0.0006656145776560989 -0.0007394430305190697; -0.002663107670159882 0.010105957103939 0.000491965147270356 0.0006404914477739226 0.0008142400656333402 0.0008597486200317749 0.0004944857976891973 0.0008203758025969847 0.0005813073721515767 0.00024308626486806186 0.00031118966547242566 0.0003732694883241889 -8.665571277118873e-6 -3.320268648371832e-5 -0.00024569387071089646 -0.00023688907356472118; -0.0012231234694242835 -0.003787503524011861 -0.0012677002204233034 -0.0011985368260177063 -0.0011037280781548379 -0.0008668726273043475 -0.0007939892306816928 -0.0006021431048626814 -0.0002877915543795133 -0.0002499671786785648 -8.100362944041529e-5 -8.665571277118873e-6 0.00022644400109023775 0.00011245669410629055 0.0001436088416243407 0.0001726264878114854; -0.0009307419953034892 -0.01098373553959356 -0.002630991336140314 -0.002394103029965712 -0.0021796590644833688 -0.0018226665724270221 -0.001701154185825865 -0.001338885685727446 -0.0007452141101011115 -0.0005302821546554838 -0.00033540584745929137 -3.320268648371832e-5 0.00011245669410629055 0.00040595295312518046 0.0003370757252747895 0.00040863069969099497; 0.001179682912594924 -0.020867184165295642 -0.0035182029793220933 -0.003300643710698587 -0.0030133469671809344 -0.0026994161811133757 -0.0023157349368304924 -0.0022548207523176425 -0.0013472214184760056 -0.000771627761950984 -0.0006656145776560989 -0.00024569387071089646 0.0001436088416243407 0.0003370757252747895 0.0008499151677284894 0.0006172646591805068; 0.0005515640880343601 -0.022838765451245885 -0.0038257450326935304 -0.0035904379143909615 -0.003599537912451215 -0.0032048100157840657 -0.002706124309632981 -0.002544420026409666 -0.0014691910525206234 -0.000927705982165188 -0.0007394430305190697 -0.00023688907356472118 0.0001726264878114854 0.00040863069969099497 0.0006172646591805068 0.0010903484075888263]
)
)
[INFO] Iteration 81920.
[INFO] Current time 2025-02-21T18:00:33.191.
[INFO] Elapsed time 97.24329400062561 seconds.
[INFO] Acceptance ratio 0.2386474609375.
[INFO] Number of proposed samples with infinite loglikelihood: 0 of the last 16384 iterations.
[INFO] Remaining time 604702.7567019463 seconds
[INFO] Remaining iterations 749152
[INFO] Current sample [2.301772573323906, 7.397365185664571, 2.4378488005294865, 2.391741534303938, 2.304913064454602, 2.2601290034771617, 2.3102832674343383, 1.9489493490715593, 1.4818723083007919, 1.3578050007565832, 1.2543052224703315, 0.7071103697235381, 0.6871341883565988, 0.5270467999406262, 0.5405848374280112, 0.5796179610915139, -737.0633449628236].
[INFO] Current loglikelihood -730.2252991265669.
[INFO] Adapting proposal at iteration 81920.
[INFO] Proposal at iteration 81920: MutableMvNormal{FullNormal}(FullNormal(
dim: 16
μ: [2.301772573323906, 7.397365185664571, 2.4378488005294865, 2.391741534303938, 2.304913064454602, 2.2601290034771617, 2.3102832674343383, 1.9489493490715593, 1.4818723083007919, 1.3578050007565832, 1.2543052224703315, 0.7071103697235381, 0.6871341883565988, 0.5270467999406262, 0.5405848374280112, 0.5796179610915139]
Σ: [0.038639821445754056 -0.06014035014690672 0.008213012122414617 0.004506869618942853 0.004256560854839287 0.0019152278745022025 0.003067702023492202 -0.0021065895223397074 -0.003071901539887698 0.0003270834799325618 -0.002525195808956366 -0.002276192372244462 -0.001333593752911385 -0.0008263765751114748 0.0009146608247218971 0.0003983819431668664; -0.06014035014690672 0.8152031275358103 0.11718695693498955 0.1231822801972537 0.10914314610493402 0.10188389755913184 0.08507585362915122 0.08382327288564805 0.052877280900523536 0.029914820054425063 0.027480499633270466 0.009736999775982436 -0.004162576154607443 -0.012862483686918348 -0.02327241945636068 -0.025034467913853393; 0.008213012122414617 0.11718695693498955 0.0498318476266043 0.03420503966036876 0.02485262061103543 0.018932544612289815 0.016824994620585555 0.01401808411136115 0.007980806258994713 0.00567615144757732 0.0037025551286058553 0.0006935748561565552 -0.001352190149492648 -0.0028755744245792156 -0.003550224134564484 -0.0042267872413179215; 0.004506869618942853 0.1231822801972537 0.03420503966036876 0.03741841987196227 0.026157633830875444 0.019795847702528596 0.01709656973936477 0.014361213287303982 0.008373383725552052 0.005724878799310835 0.0038487749900273215 0.00092681913656073 -0.0012569771488277856 -0.0027602134811890665 -0.003742941154072584 -0.004352246843241488; 0.004256560854839287 0.10914314610493402 0.02485262061103543 0.026157633830875444 0.028354663459042875 0.01857151944158075 0.0149767179480885 0.01294589953452312 0.007461653611907103 0.0051021873361000725 0.003538071907637486 0.00078408085421293 -0.0012062941484559007 -0.0023408150827524438 -0.0033417665506470617 -0.0038318930693089876; 0.0019152278745022025 0.10188389755913184 0.018932544612289815 0.019795847702528596 0.01857151944158075 0.020333281742293777 0.013695452336140897 0.01157440721787902 0.006810553941076389 0.004468497376830351 0.0032899426643877945 0.0008278769939795107 -0.0009942849340598423 -0.0021211676611208657 -0.0031240830585071793 -0.0034546408096767078; 0.003067702023492202 0.08507585362915122 0.016824994620585555 0.01709656973936477 0.0149767179480885 0.013695452336140897 0.013963206107066764 0.009801736676992133 0.005776509705054403 0.003746353200229588 0.002760945252360737 0.0006016616380902301 -0.000906441002165888 -0.0017964253039054556 -0.0026341742040698756 -0.0030780453750848687; -0.0021065895223397074 0.08382327288564805 0.01401808411136115 0.014361213287303982 0.01294589953452312 0.01157440721787902 0.009801736676992133 0.010440902841674512 0.005411020840370372 0.0033838047701784764 0.0027447387118673646 0.0008180218172190074 -0.0006186350490175949 -0.0015273390058365777 -0.0024768913766325153 -0.002705335321513129; -0.003071901539887698 0.052877280900523536 0.007980806258994713 0.008373383725552052 0.007461653611907103 0.006810553941076389 0.005776509705054403 0.005411020840370372 0.004007231188765644 0.0019405868926850138 0.0017708611801306126 0.0006008492901000297 -0.0003105462102900095 -0.0008706598388375674 -0.0015194375496745888 -0.0016944504871137973; 0.0003270834799325618 0.029914820054425063 0.00567615144757732 0.005724878799310835 0.0051021873361000725 0.004468497376830351 0.003746353200229588 0.0033838047701784764 0.0019405868926850138 0.0016757641738299528 0.0009231329948762611 0.00023250198513800045 -0.00028752697031149757 -0.0006031138133318441 -0.0009006824869965652 -0.0010461736160897585; -0.002525195808956366 0.027480499633270466 0.0037025551286058553 0.0038487749900273215 0.003538071907637486 0.0032899426643877945 0.002760945252360737 0.0027447387118673646 0.0017708611801306126 0.0009231329948762611 0.0011717154375531426 0.0003371415878819369 -0.00010902319961727391 -0.0003915130436242373 -0.0007655900893552201 -0.0008167480731848431; -0.002276192372244462 0.009736999775982436 0.0006935748561565552 0.00092681913656073 0.00078408085421293 0.0008278769939795107 0.0006016616380902301 0.0008180218172190074 0.0006008492901000297 0.00023250198513800045 0.0003371415878819369 0.0003274542113804981 1.0218980348566642e-5 -6.008679334779974e-5 -0.00023767840293914362 -0.00023367414539725; -0.001333593752911385 -0.004162576154607443 -0.001352190149492648 -0.0012569771488277856 -0.0012062941484559007 -0.0009942849340598423 -0.000906441002165888 -0.0006186350490175949 -0.0003105462102900095 -0.00028752697031149757 -0.00010902319961727391 1.0218980348566642e-5 0.00025694780560812344 0.00011765469579947028 0.00018059937327477804 0.00022647926593769035; -0.0008263765751114748 -0.012862483686918348 -0.0028755744245792156 -0.0027602134811890665 -0.0023408150827524438 -0.0021211676611208657 -0.0017964253039054556 -0.0015273390058365777 -0.0008706598388375674 -0.0006031138133318441 -0.0003915130436242373 -6.008679334779974e-5 0.00011765469579947028 0.00046327293720739023 0.0003876271833218446 0.0004787504632807186; 0.0009146608247218971 -0.02327241945636068 -0.003550224134564484 -0.003742941154072584 -0.0033417665506470617 -0.0031240830585071793 -0.0026341742040698756 -0.0024768913766325153 -0.0015194375496745888 -0.0009006824869965652 -0.0007655900893552201 -0.00023767840293914362 0.00018059937327477804 0.0003876271833218446 0.0009390861104254716 0.0007227897582526548; 0.0003983819431668664 -0.025034467913853393 -0.0042267872413179215 -0.004352246843241488 -0.0038318930693089876 -0.0034546408096767078 -0.0030780453750848687 -0.002705335321513129 -0.0016944504871137973 -0.0010461736160897585 -0.0008167480731848431 -0.00023367414539725 0.00022647926593769035 0.0004787504632807186 0.0007227897582526548 0.0012262013095506719]
)
)
[INFO] Iteration 98304.
[INFO] Current time 2025-02-21T18:00:52.272.
[INFO] Elapsed time 116.32380700111389 seconds.
[INFO] Acceptance ratio 0.23834228515625.
[INFO] Number of proposed samples with infinite loglikelihood: 0 of the last 16384 iterations.
[INFO] Remaining time 604683.6761870384 seconds
[INFO] Remaining iterations 732768
[INFO] Current sample [2.1166988086424166, 10.395960921138018, 2.7577720287182452, 3.0039320178756483, 2.5619044047643005, 2.7160315511245208, 2.4799701077141276, 2.161935977063797, 1.6211174363483678, 1.4522817051073382, 1.2993801559877116, 0.8065932706941914, 0.6091962108774558, 0.5106688002108839, 0.46663919444895124, 0.4671988946829031, -735.8234240346573].
[INFO] Current loglikelihood -724.810924179274.
[INFO] Adapting proposal at iteration 98304.
[INFO] Proposal at iteration 98304: MutableMvNormal{FullNormal}(FullNormal(
dim: 16
μ: [2.1166988086424166, 10.395960921138018, 2.7577720287182452, 3.0039320178756483, 2.5619044047643005, 2.7160315511245208, 2.4799701077141276, 2.161935977063797, 1.6211174363483678, 1.4522817051073382, 1.2993801559877116, 0.8065932706941914, 0.6091962108774558, 0.5106688002108839, 0.46663919444895124, 0.4671988946829031]
Σ: [0.03620654883904098 -0.06268559645242838 0.003592075752591117 0.002602046424023223 0.0029179844760360008 -0.000570037675015823 0.002791798902030493 -0.0029539092487799665 -0.003493906742909014 0.00018735248053646712 -0.0024567193228121832 -0.002315443408496888 -0.000919535155228158 -0.000837488487966168 0.0013847559891346846 0.0006938589859766074; -0.06268559645242838 0.7697375263450568 0.12516478652898502 0.12265238543769802 0.10325449706250957 0.09289258223074406 0.07919500082454232 0.07777292136703486 0.04954427541101009 0.027621171509244202 0.0249301289008862 0.009846566760285011 -0.0044041406625049484 -0.010882566122962583 -0.02243838630824952 -0.02299165573270912; 0.003592075752591117 0.12516478652898502 0.04742400652854085 0.03293091505083827 0.024252208167159006 0.018584272288898404 0.017123711297989782 0.013984658818843552 0.008336628141616974 0.005528037072827907 0.003883064956897562 0.0009354906818423627 -0.0012446005629825798 -0.002588808323010492 -0.003728002136649694 -0.004453509157367844; 0.002602046424023223 0.12265238543769802 0.03293091505083827 0.03558401448880063 0.02479646907453695 0.017748848271977122 0.016362656741980133 0.013763144173023397 0.007830281660648898 0.005417673639808557 0.003781308160342894 0.0010158396171137394 -0.0012487606467606056 -0.0024570180159419 -0.003745949413838912 -0.004145907008923828; 0.0029179844760360008 0.10325449706250957 0.024252208167159006 0.02479646907453695 0.027511874422732185 0.01689829740080486 0.013971359681763357 0.011742147798199737 0.00676059136390524 0.00456150023436504 0.0032626317683909127 0.0006931221736848658 -0.0009871317226904767 -0.002112529339774449 -0.0031391296387129177 -0.003430073449374357; -0.000570037675015823 0.09289258223074406 0.018584272288898404 0.017748848271977122 0.01689829740080486 0.018310233734740014 0.011811944750626755 0.01025213377629304 0.006083162691055662 0.00394203250054776 0.002979831757059985 0.0008414611012493326 -0.0008454110724576977 -0.0016344553052694206 -0.0028122728094564734 -0.00306159071430156; 0.002791798902030493 0.07919500082454232 0.017123711297989782 0.016362656741980133 0.013971359681763357 0.011811944750626755 0.013066314603122913 0.008940184984860355 0.005338177890530573 0.0034814248455151127 0.002465085087853661 0.0005725497699743702 -0.0008370116358714087 -0.0016674668565884144 -0.0024267113858342233 -0.0027267543312607047; -0.0029539092487799665 0.07777292136703486 0.013984658818843552 0.013763144173023397 0.011742147798199737 0.01025213377629304 0.008940184984860355 0.009485015756877924 0.005038431018483188 0.0030493021751325164 0.0024676494273172455 0.0008226038194526622 -0.0005935571363416205 -0.0012918589825573362 -0.002321677811538836 -0.0024134684562189296; -0.003493906742909014 0.04954427541101009 0.008336628141616974 0.007830281660648898 0.00676059136390524 0.006083162691055662 0.005338177890530573 0.005038431018483188 0.003715498314047679 0.0018023794544128966 0.0015898922840237913 0.000614034885804173 -0.00030901482838782435 -0.0007253174943270955 -0.0014778786427342167 -0.0014735693698197927; 0.00018735248053646712 0.027621171509244202 0.005528037072827907 0.005417673639808557 0.00456150023436504 0.00394203250054776 0.0034814248455151127 0.0030493021751325164 0.0018023794544128966 0.0015281019653935568 0.0008347426580979126 0.00023272101892549507 -0.000260341618932969 -0.0005151930881245539 -0.0008298478522694158 -0.0009064431920974446; -0.0024567193228121832 0.0249301289008862 0.003883064956897562 0.003781308160342894 0.0032626317683909127 0.002979831757059985 0.002465085087853661 0.0024676494273172455 0.0015898922840237913 0.0008347426580979126 0.001052538274453343 0.0003090374205508697 -0.00012315708095802141 -0.00032567880926168667 -0.0007212127536852162 -0.0007336892107089599; -0.002315443408496888 0.009846566760285011 0.0009354906818423627 0.0010158396171137394 0.0006931221736848658 0.0008414611012493326 0.0005725497699743702 0.0008226038194526622 0.000614034885804173 0.00023272101892549507 0.0003090374205508697 0.0003301330599387407 -1.6322611378770334e-5 -3.759320800057177e-5 -0.00026547655920152954 -0.0002398012355317815; -0.000919535155228158 -0.0044041406625049484 -0.0012446005629825798 -0.0012487606467606056 -0.0009871317226904767 -0.0008454110724576977 -0.0008370116358714087 -0.0005935571363416205 -0.00030901482838782435 -0.000260341618932969 -0.00012315708095802141 -1.6322611378770334e-5 0.00022006480866561972 0.00011108374306801996 0.00016385858546797858 0.00017686711269649982; -0.000837488487966168 -0.010882566122962583 -0.002588808323010492 -0.0024570180159419 -0.002112529339774449 -0.0016344553052694206 -0.0016674668565884144 -0.0012918589825573362 -0.0007253174943270955 -0.0005151930881245539 -0.00032567880926168667 -3.759320800057177e-5 0.00011108374306801996 0.00040002947527634377 0.0003266802203770599 0.0003942377934855289; 0.0013847559891346846 -0.02243838630824952 -0.003728002136649694 -0.003745949413838912 -0.0031391296387129177 -0.0028122728094564734 -0.0024267113858342233 -0.002321677811538836 -0.0014778786427342167 -0.0008298478522694158 -0.0007212127536852162 -0.00026547655920152954 0.00016385858546797858 0.0003266802203770599 0.0009083374461969773 0.0006186613287172024; 0.0006938589859766074 -0.02299165573270912 -0.004453509157367844 -0.004145907008923828 -0.003430073449374357 -0.00306159071430156 -0.0027267543312607047 -0.0024134684562189296 -0.0014735693698197927 -0.0009064431920974446 -0.0007336892107089599 -0.0002398012355317815 0.00017686711269649982 0.0003942377934855289 0.0006186613287172024 0.0010962827883012254]
)
)
[INFO] Iteration 114688.
[INFO] Current time 2025-02-21T18:01:11.244.
[INFO] Elapsed time 135.29562497138977 seconds.
[INFO] Acceptance ratio 0.2509765625.
[INFO] Number of proposed samples with infinite loglikelihood: 0 of the last 16384 iterations.
[INFO] Remaining time 604664.7043709755 seconds
[INFO] Remaining iterations 716384
[INFO] Current sample [1.8623949210120174, 8.76839003237136, 1.9299930877276097, 2.5962828576522665, 2.151433125786591, 2.4322723639172557, 2.2426350977371343, 2.0989150794106797, 1.5046447845824478, 1.3685333154388246, 1.272641433265676, 0.8001935072602179, 0.6477083160047412, 0.5286206283837812, 0.6084300462275852, 0.5318330810810298, -741.1322154761499].
[INFO] Current loglikelihood -727.850994550664.
[INFO] Adapting proposal at iteration 114688.
[INFO] Proposal at iteration 114688: MutableMvNormal{FullNormal}(FullNormal(
dim: 16
μ: [1.8623949210120174, 8.76839003237136, 1.9299930877276097, 2.5962828576522665, 2.151433125786591, 2.4322723639172557, 2.2426350977371343, 2.0989150794106797, 1.5046447845824478, 1.3685333154388246, 1.272641433265676, 0.8001935072602179, 0.6477083160047412, 0.5286206283837812, 0.6084300462275852, 0.5318330810810298]
Σ: [0.03763140913524158 -0.04215853523564144 0.007672519547927749 0.005985787975972396 0.005662092079019315 0.0036118638723874183 0.005571669980733457 -0.0006449525554050603 -0.001561483645179576 0.0008314262721683264 -0.0017851010071253468 -0.0021559174844215535 -0.0012687062016665332 -0.0011013725139979362 0.0003065041483881581 -0.0003331266220772215; -0.04215853523564144 0.6987234503161744 0.11111457700073027 0.1075482005618635 0.09728869635160839 0.08988040571679676 0.07568749714525173 0.07222270268684344 0.04433305871075839 0.025996149958251648 0.02228493288397007 0.008543928113508462 -0.004641706344980163 -0.01097633194779012 -0.019897092970760616 -0.020716121741790796; 0.007672519547927749 0.11111457700073027 0.047400193891861266 0.029867285724088612 0.021985040006200496 0.018153216659213472 0.01641013529130672 0.01296570545768664 0.007578894915026158 0.005176947316047418 0.0033499503932937357 0.0007928022776969805 -0.0014444844727810103 -0.0024653994373524195 -0.0034147018589239446 -0.003971902488316712; 0.005985787975972396 0.1075482005618635 0.029867285724088612 0.033432196826147224 0.023433508975172268 0.017896323742321023 0.015403487730163479 0.012656389772328311 0.007266929044155741 0.004917344736532847 0.003240800751290116 0.0008178785833792545 -0.0012894741344228041 -0.0022391429934895974 -0.003231798895494628 -0.0037575334537456873; 0.005662092079019315 0.09728869635160839 0.021985040006200496 0.023433508975172268 0.027218916662269405 0.017323035623643672 0.01413120574122925 0.01136801413761443 0.006617111289895737 0.004366947764989821 0.002931992328037276 0.0007096646542579808 -0.001219546463208909 -0.002144575211942262 -0.002985093431516982 -0.003420728156433683; 0.0036118638723874183 0.08988040571679676 0.018153216659213472 0.017896323742321023 0.017323035623643672 0.018798976868236183 0.012469135926846434 0.01032415460583074 0.005945897913126762 0.00407749009768321 0.002689220856600835 0.0006839587297128553 -0.0009996380271619914 -0.0018659890474604709 -0.0029071595522097713 -0.003144176903008641; 0.005571669980733457 0.07568749714525173 0.01641013529130672 0.015403487730163479 0.01413120574122925 0.012469135926846434 0.014014882508152577 0.008777729582537964 0.005279225088028811 0.0034376699888141013 0.002236191300999928 0.0004912601241440214 -0.0009783820241808347 -0.0016693784138817297 -0.002472440265655034 -0.002675936875678928; -0.0006449525554050603 0.07222270268684344 0.01296570545768664 0.012656389772328311 0.01136801413761443 0.01032415460583074 0.008777729582537964 0.009066114649663021 0.004637257451065804 0.0029292095149027427 0.002267669222367852 0.0006833451441471581 -0.0006151127347772052 -0.0013011112422176374 -0.002134968612203883 -0.0023000825050627856; -0.001561483645179576 0.04433305871075839 0.007578894915026158 0.007266929044155741 0.006617111289895737 0.005945897913126762 0.005279225088028811 0.004637257451065804 0.003336825795041682 0.0017032748303050667 0.001374193968248232 0.0004811658429776663 -0.0003450481366045252 -0.0007331397101150461 -0.0013082820860919671 -0.0013718904766540831; 0.0008314262721683264 0.025996149958251648 0.005176947316047418 0.004917344736532847 0.004366947764989821 0.00407749009768321 0.0034376699888141013 0.0029292095149027427 0.0017032748303050667 0.0015018773413328422 0.000754841660303868 0.00019909096169680663 -0.00027116191059630183 -0.0005329219440522908 -0.0007900383233604407 -0.0009098943024348426; -0.0017851010071253468 0.02228493288397007 0.0033499503932937357 0.003240800751290116 0.002931992328037276 0.002689220856600835 0.002236191300999928 0.002267669222367852 0.001374193968248232 0.000754841660303868 0.0009593317583885174 0.0002702757374743346 -0.0001233976859250675 -0.00032295190433419074 -0.0006177873253188656 -0.0006476836291849207; -0.0021559174844215535 0.008543928113508462 0.0007928022776969805 0.0008178785833792545 0.0007096646542579808 0.0006839587297128553 0.0004912601241440214 0.0006833451441471581 0.0004811658429776663 0.00019909096169680663 0.0002702757374743346 0.00031782620132558343 -4.0764724373236095e-6 -4.5183833971192395e-5 -0.00021267101988404135 -0.00017224368961786933; -0.0012687062016665332 -0.004641706344980163 -0.0014444844727810103 -0.0012894741344228041 -0.001219546463208909 -0.0009996380271619914 -0.0009783820241808347 -0.0006151127347772052 -0.0003450481366045252 -0.00027116191059630183 -0.0001233976859250675 -4.0764724373236095e-6 0.00025235394465522695 0.00013323674032746557 0.00018694985084568596 0.00019623451890970697; -0.0011013725139979362 -0.01097633194779012 -0.0024653994373524195 -0.0022391429934895974 -0.002144575211942262 -0.0018659890474604709 -0.0016693784138817297 -0.0013011112422176374 -0.0007331397101150461 -0.0005329219440522908 -0.00032295190433419074 -4.5183833971192395e-5 0.00013323674032746557 0.00042629739793583176 0.0003395075529491691 0.0004181299655071351; 0.0003065041483881581 -0.019897092970760616 -0.0034147018589239446 -0.003231798895494628 -0.002985093431516982 -0.0029071595522097713 -0.002472440265655034 -0.002134968612203883 -0.0013082820860919671 -0.0007900383233604407 -0.0006177873253188656 -0.00021267101988404135 0.00018694985084568596 0.0003395075529491691 0.0008563890527951376 0.0006003385437686293; -0.0003331266220772215 -0.020716121741790796 -0.003971902488316712 -0.0037575334537456873 -0.003420728156433683 -0.003144176903008641 -0.002675936875678928 -0.0023000825050627856 -0.0013718904766540831 -0.0009098943024348426 -0.0006476836291849207 -0.00017224368961786933 0.00019623451890970697 0.0004181299655071351 0.0006003385437686293 0.0010665777461775436]
)
)
[INFO] Iteration 131072.
[INFO] Current time 2025-02-21T18:01:30.176.
[INFO] Elapsed time 154.2283070087433 seconds.
[INFO] Acceptance ratio 0.24188232421875.
[INFO] Number of proposed samples with infinite loglikelihood: 0 of the last 16384 iterations.
[INFO] Remaining time 604645.7716889381 seconds
[INFO] Remaining iterations 700000
[INFO] Current sample [2.325755478225515, 10.811207384227204, 3.846902975016121, 3.5892342961871764, 2.885436861956597, 2.9921436261295686, 2.6904342425140353, 2.4215070211370953, 1.6996155464570435, 1.4491996318243987, 1.3437782525563802, 0.8023310209917625, 0.6456017318414454, 0.4521984509981363, 0.48397881428177875, 0.45237622685498297, -738.779017807148].
[INFO] Current loglikelihood -722.0861717863694.
[INFO] Adapting proposal at iteration 131072.
[INFO] Proposal at iteration 131072: MutableMvNormal{FullNormal}(FullNormal(
dim: 16
μ: [2.325755478225515, 10.811207384227204, 3.846902975016121, 3.5892342961871764, 2.885436861956597, 2.9921436261295686, 2.6904342425140353, 2.4215070211370953, 1.6996155464570435, 1.4491996318243987, 1.3437782525563802, 0.8023310209917625, 0.6456017318414454, 0.4521984509981363, 0.48397881428177875, 0.45237622685498297]
Σ: [0.03896853308061734 -0.06073391403197017 0.008739292872452497 0.005659740014658963 0.0036303324172948224 0.0007320596321660177 0.003208770065293007 -0.002198436901308207 -0.002608632993087077 7.807488420694141e-5 -0.002384411607948599 -0.0023944025408426032 -0.0014183334344187834 -0.0009212382878956956 0.0008927266163004779 0.000299566910331402; -0.06073391403197017 0.9235321098406161 0.1468375940835285 0.14410110695896045 0.12780895697759626 0.1053691005914412 0.10020705610140836 0.09656962490848668 0.05967173004063254 0.03513026594536704 0.031502883691789975 0.012297020324806146 -0.003792914357960772 -0.013577895789688186 -0.026653700450006527 -0.026175008738521428; 0.008739292872452497 0.1468375940835285 0.053584650000196486 0.03929263144537711 0.029839499079145477 0.0218251368647347 0.021054998018500883 0.017598936801739302 0.009939084412813897 0.006996299961730871 0.004740760233942513 0.001119212295979385 -0.0015055940476411541 -0.0031115848073144715 -0.0046703647719355075 -0.004907067272837032; 0.005659740014658963 0.14410110695896045 0.03929263144537711 0.041293479243727456 0.029520687421615656 0.020763414349073396 0.019976317892917178 0.016938047551228037 0.009714955243801095 0.006534737044077977 0.004724559240634999 0.0012940575523653062 -0.001394258998641975 -0.0029716704665047463 -0.004544656151059853 -0.004632808228548026; 0.0036303324172948224 0.12780895697759626 0.029839499079145477 0.029520687421615656 0.032147459858074864 0.018914304376648525 0.017130727210664776 0.014861679698613397 0.008587471711567667 0.0057100016098403285 0.004105947585695511 0.0012666535846713079 -0.001136427465036663 -0.002628922025756101 -0.003980546243482777 -0.0041186103918174856; 0.0007320596321660177 0.1053691005914412 0.0218251368647347 0.020763414349073396 0.018914304376648525 0.01803286208420177 0.014045313608194155 0.012007357364107973 0.007061828678487991 0.004532961665637401 0.003457181054529346 0.0011036741616441451 -0.0008588052280805859 -0.0019534436228919876 -0.003217800324714316 -0.003294706715895175; 0.003208770065293007 0.10020705610140836 0.021054998018500883 0.019976317892917178 0.017130727210664776 0.014045313608194155 0.016213292214177895 0.011576081235358606 0.006901364424699315 0.004429744068918675 0.00338113473304056 0.0009243654892919584 -0.0008509325144551534 -0.002014175389991252 -0.003164371229102814 -0.0031474663955682216; -0.002198436901308207 0.09656962490848668 0.017598936801739302 0.016938047551228037 0.014861679698613397 0.012007357364107973 0.011576081235358606 0.011827944510733695 0.006331861589229925 0.003930754850963756 0.0032361578149768732 0.0010996497926839288 -0.0005942655913143545 -0.0016796796372235644 -0.002911032185442832 -0.0029317685387881824; -0.002608632993087077 0.05967173004063254 0.009939084412813897 0.009714955243801095 0.008587471711567667 0.007061828678487991 0.006901364424699315 0.006331861589229925 0.004416174813080785 0.0023113971830495085 0.002071213776918725 0.0007319158464652848 -0.0002950689716868664 -0.0009355399673872327 -0.0017405763551141056 -0.001746188652132549; 7.807488420694141e-5 0.03513026594536704 0.006996299961730871 0.006534737044077977 0.0057100016098403285 0.004532961665637401 0.004429744068918675 0.003930754850963756 0.0023113971830495085 0.001841436825072122 0.0011203375943811687 0.0003656468999654933 -0.00023593948583777613 -0.0006335447693776195 -0.0010406731052748895 -0.0010888825365279078; -0.002384411607948599 0.031502883691789975 0.004740760233942513 0.004724559240634999 0.004105947585695511 0.003457181054529346 0.00338113473304056 0.0032361578149768732 0.002071213776918725 0.0011203375943811687 0.0013566760620853811 0.00041971625172296684 -9.445351551886144e-5 -0.0004260001683644997 -0.0008929254489482489 -0.0008666683380460535; -0.0023944025408426032 0.012297020324806146 0.001119212295979385 0.0012940575523653062 0.0012666535846713079 0.0011036741616441451 0.0009243654892919584 0.0010996497926839288 0.0007319158464652848 0.0003656468999654933 0.00041971625172296684 0.00039534108498225296 3.7774230109823307e-6 -8.537589257587706e-5 -0.00028237599689944854 -0.00028702012025021227; -0.0014183334344187834 -0.003792914357960772 -0.0015055940476411541 -0.001394258998641975 -0.001136427465036663 -0.0008588052280805859 -0.0008509325144551534 -0.0005942655913143545 -0.0002950689716868664 -0.00023593948583777613 -9.445351551886144e-5 3.7774230109823307e-6 0.0002484278629085722 0.00013531376640329976 0.00017609292581716009 0.00018890881321030015; -0.0009212382878956956 -0.013577895789688186 -0.0031115848073144715 -0.0029716704665047463 -0.002628922025756101 -0.0019534436228919876 -0.002014175389991252 -0.0016796796372235644 -0.0009355399673872327 -0.0006335447693776195 -0.0004260001683644997 -8.537589257587706e-5 0.00013531376640329976 0.000461962642469774 0.000427009504221854 0.00047032030596912854; 0.0008927266163004779 -0.026653700450006527 -0.0046703647719355075 -0.004544656151059853 -0.003980546243482777 -0.003217800324714316 -0.003164371229102814 -0.002911032185442832 -0.0017405763551141056 -0.0010406731052748895 -0.0008929254489482489 -0.00028237599689944854 0.00017609292581716009 0.000427009504221854 0.0010624194073905612 0.0007654365241709797; 0.000299566910331402 -0.026175008738521428 -0.004907067272837032 -0.004632808228548026 -0.0041186103918174856 -0.003294706715895175 -0.0031474663955682216 -0.0029317685387881824 -0.001746188652132549 -0.0010888825365279078 -0.0008666683380460535 -0.00028702012025021227 0.00018890881321030015 0.00047032030596912854 0.0007654365241709797 0.0011085575804903806]
)
)
[INFO] Iteration 147456.
[INFO] Current time 2025-02-21T18:01:49.097.
[INFO] Elapsed time 173.149316072464 seconds.
[INFO] Acceptance ratio 0.24420166015625.
[INFO] Number of proposed samples with infinite loglikelihood: 0 of the last 16384 iterations.
[INFO] Remaining time 604626.8506810665 seconds
[INFO] Remaining iterations 683616
[INFO] Current sample [1.8563442690524998, 11.441751904708092, 2.836563664245462, 3.057964101560695, 2.5211320127986965, 2.8534377682540044, 2.5722142777858625, 2.31990939811651, 1.711207269087201, 1.501141989030492, 1.3351794611638603, 0.8183902768129897, 0.6474445841532429, 0.48502188322928086, 0.4311526806093497, 0.43277186505085274, -734.0375673044371].
[INFO] Current loglikelihood -719.6439953238538.
[INFO] Iteration 163840.
[INFO] Current time 2025-02-21T18:02:08.014.
[INFO] Elapsed time 192.06585693359375 seconds.
[INFO] Acceptance ratio 0.23773193359375.
[INFO] Number of proposed samples with infinite loglikelihood: 0 of the last 16384 iterations.
[INFO] Remaining time 604607.9341390133 seconds
[INFO] Remaining iterations 667232
[INFO] Current sample [2.120793543893127, 7.341918788048287, 2.126548470541422, 2.65389560864936, 2.149835550379586, 2.2463406444161853, 2.224000654401775, 1.8969293499059885, 1.4203575567656301, 1.385262276254992, 1.2264492629033794, 0.7482587461717467, 0.6694110345224796, 0.5638599503510238, 0.5398283268824662, 0.5770958081530966, -735.8108171021582].
[INFO] Current loglikelihood -725.4233167693163.
[INFO] Iteration 180224.
[INFO] Current time 2025-02-21T18:02:26.962.
[INFO] Elapsed time 211.01422214508057 seconds.
[INFO] Acceptance ratio 0.23358154296875.
[INFO] Number of proposed samples with infinite loglikelihood: 0 of the last 16384 iterations.
[INFO] Remaining time 604588.9857728481 seconds
[INFO] Remaining iterations 650848
[INFO] Current sample [2.3611269630145264, 9.297459104664336, 2.9638541617763408, 2.898823877254331, 2.1088916068318886, 2.5865627514468277, 2.4078870173428046, 2.2113505889230485, 1.5657718848833064, 1.454662201425774, 1.3007274806654097, 0.7674091890160548, 0.6276182360405262, 0.49978711961071143, 0.526477315277078, 0.46563883754545715, -734.0525499360765].
[INFO] Current loglikelihood -718.6122062629237.
[INFO] Iteration 196608.
[INFO] Current time 2025-02-21T18:02:45.904.
[INFO] Elapsed time 229.95601606369019 seconds.
[INFO] Acceptance ratio 0.2401123046875.
[INFO] Number of proposed samples with infinite loglikelihood: 0 of the last 16384 iterations.
[INFO] Remaining time 604570.0439810753 seconds
[INFO] Remaining iterations 634464
[INFO] Current sample [2.1314776201111276, 8.278314756314984, 2.695244125802611, 2.860245288977585, 2.5390162927698, 2.5033577211894813, 2.1666190179508145, 2.041892676490475, 1.4820709352923864, 1.3942011208165892, 1.242696795347296, 0.7869439887315549, 0.6737614518302533, 0.5705273586592887, 0.4888945414674316, 0.5186823121941138, -735.8865398307437].
[INFO] Current loglikelihood -727.3384583008155.
[INFO] Iteration 212992.
[INFO] Current time 2025-02-21T18:03:04.823.
[INFO] Elapsed time 248.8751289844513 seconds.
[INFO] Acceptance ratio 0.2391357421875.
[INFO] Number of proposed samples with infinite loglikelihood: 0 of the last 16384 iterations.
[INFO] Remaining time 604551.1248669624 seconds
[INFO] Remaining iterations 618080
[INFO] Current sample [2.277493809248392, 7.764208032261558, 2.896577084346808, 2.5127115683551944, 1.9544750734647107, 2.3010124781849455, 2.2168371271634593, 2.035579393510691, 1.4909459423367724, 1.380725629668726, 1.2698348183806092, 0.7617510890807453, 0.6453964051254371, 0.5414759397899348, 0.5240363614114663, 0.5704656625850156, -733.8785010846389].
[INFO] Current loglikelihood -722.4532031685396.
[INFO] Iteration 229376.
[INFO] Current time 2025-02-21T18:03:23.967.
[INFO] Elapsed time 268.0190460681915 seconds.
[INFO] Acceptance ratio 0.23687744140625.
[INFO] Number of proposed samples with infinite loglikelihood: 0 of the last 16384 iterations.
[INFO] Remaining time 604531.9809510708 seconds
[INFO] Remaining iterations 601696
[INFO] Current sample [2.353253831956347, 7.383325007465299, 2.0750526145773733, 2.4275173920702393, 2.121149957167375, 2.4432164845587625, 2.1780097377355117, 2.070525825196017, 1.4377213981095907, 1.426159396399269, 1.221860480036067, 0.8123901038625616, 0.6284306962123595, 0.5027132942031881, 0.5932494845073353, 0.5926059929476959, -742.1132583322016].
[INFO] Current loglikelihood -732.8758803548558.
[INFO] Iteration 245760.
[INFO] Current time 2025-02-21T18:03:42.904.
[INFO] Elapsed time 286.95565915107727 seconds.
[INFO] Acceptance ratio 0.2427978515625.
[INFO] Number of proposed samples with infinite loglikelihood: 0 of the last 16384 iterations.
[INFO] Remaining time 604513.0443379879 seconds
[INFO] Remaining iterations 585312
[INFO] Current sample [2.4139233079864297, 8.715683346119427, 3.651929080770758, 3.241089653291114, 2.6186714180180832, 2.5278446923541775, 2.5073908851865725, 2.1439957295109426, 1.5544634737051573, 1.4635916404028386, 1.2111939179210085, 0.8128560172630311, 0.6198052138547393, 0.5009466266561855, 0.5048283906687328, 0.5019866084999314, -740.004181448029].
[INFO] Current loglikelihood -727.1432165388378.
[INFO] Iteration 262144.
[INFO] Current time 2025-02-21T18:04:01.818.
[INFO] Elapsed time 305.87001299858093 seconds.
[INFO] Acceptance ratio 0.24420166015625.
[INFO] Number of proposed samples with infinite loglikelihood: 0 of the last 16384 iterations.
[INFO] Remaining time 604494.129983902 seconds
[INFO] Remaining iterations 568928
[INFO] Current sample [2.454576748227462, 9.766281669322723, 3.1755204169901186, 2.9929855211189818, 2.3891026935817172, 2.7898202072595883, 2.5814862695693837, 2.2650245771665647, 1.660768218686521, 1.47941846954927, 1.3113920066640958, 0.7896216167923853, 0.6430578865483124, 0.4796707168480483, 0.4340390788837954, 0.43053033878424035, -737.1537118765036].
[INFO] Current loglikelihood -723.5753797234203.
[INFO] Iteration 278528.
[INFO] Current time 2025-02-21T18:04:20.730.
[INFO] Elapsed time 324.7998011112213 seconds.
[INFO] Acceptance ratio 0.23931884765625.
[INFO] Number of proposed samples with infinite loglikelihood: 0 of the last 16384 iterations.
[INFO] Remaining time 604475.200193882 seconds
[INFO] Remaining iterations 552544
[INFO] Current sample [2.7651845830926156, 5.895412459400232, 2.3451422608073105, 2.9334201178225356, 2.276206469886042, 2.3251567643768256, 2.097652987716006, 1.827806451886043, 1.3468420355021686, 1.353542264677806, 1.2022777966853804, 0.7187872430754876, 0.6836026752452014, 0.5363950218727971, 0.5915928783531275, 0.5809253034066805, -739.6126191726271].
[INFO] Current loglikelihood -727.8776491926762.
[INFO] Iteration 294912.
[INFO] Current time 2025-02-21T18:04:40.479.
[INFO] Elapsed time 344.53113293647766 seconds.
[INFO] Acceptance ratio 0.2403564453125.
[INFO] Number of proposed samples with infinite loglikelihood: 0 of the last 16384 iterations.
[INFO] Remaining time 604455.4688639641 seconds
[INFO] Remaining iterations 536160
[INFO] Current sample [2.471419417328811, 10.398555000956568, 3.2477367951225915, 3.2840603161188064, 2.8895434391411214, 3.0509805794667892, 2.728818443410622, 2.391472864474453, 1.6412066177953615, 1.5219431496150395, 1.3300427927605634, 0.7585009357442468, 0.6356638357971492, 0.4395372800350458, 0.48382289535506195, 0.5106719057377951, -737.8592583629824].
[INFO] Current loglikelihood -724.4730176167612.
[INFO] Iteration 311296.
[INFO] Current time 2025-02-21T18:05:01.127.
[INFO] Elapsed time 365.1789629459381 seconds.
[INFO] Acceptance ratio 0.2451171875.
[INFO] Number of proposed samples with infinite loglikelihood: 0 of the last 16384 iterations.
[INFO] Remaining time 604434.8210339546 seconds
[INFO] Remaining iterations 519776
[INFO] Current sample [2.4044252044839403, 9.051927414991654, 2.7222498680676246, 2.753325888568788, 2.615592049542851, 2.7971473008775667, 2.4430279578265424, 2.169195894675051, 1.5647778038546538, 1.4530131955044623, 1.2758706895849614, 0.7618520072949346, 0.6408294720919852, 0.4992023323865581, 0.47884184833249666, 0.4982768006275776, -732.0322738141981].
[INFO] Current loglikelihood -722.8985162494006.
[INFO] Iteration 327680.
[INFO] Current time 2025-02-21T18:05:21.780.
[INFO] Elapsed time 385.8314769268036 seconds.
[INFO] Acceptance ratio 0.24114990234375.
[INFO] Number of proposed samples with infinite loglikelihood: 0 of the last 16384 iterations.
[INFO] Remaining time 604414.1685199738 seconds
[INFO] Remaining iterations 503392
[INFO] Current sample [2.1519509350670583, 9.4710094659555, 2.624007334773756, 2.780763869653073, 2.340156725776221, 2.6113394636142453, 2.4454402909138717, 2.292470832230843, 1.546914924951549, 1.472022471056916, 1.3029778761557702, 0.7681725537533537, 0.6740022683983449, 0.47735159809813577, 0.5021602124858141, 0.5101929685047627, -734.2799195089053].
[INFO] Current loglikelihood -722.202919503916.
[INFO] Iteration 344064.
[INFO] Current time 2025-02-21T18:05:42.510.
[INFO] Elapsed time 406.56236505508423 seconds.
[INFO] Acceptance ratio 0.2371826171875.
[INFO] Number of proposed samples with infinite loglikelihood: 0 of the last 16384 iterations.
[INFO] Remaining time 604393.4376318455 seconds
[INFO] Remaining iterations 487008
[INFO] Current sample [1.9033783803000102, 9.413296138146212, 2.9368939033600148, 2.940932890995534, 2.647052550516905, 2.586036435647204, 2.3455777197776793, 2.2151559865314465, 1.5812795670155844, 1.403281745145859, 1.349765389582551, 0.7973730082490635, 0.6612135700954997, 0.5296428424466008, 0.5007412386666721, 0.485194990892021, -734.3372724077868].
[INFO] Current loglikelihood -723.9588076359132.
[INFO] Iteration 360448.
[INFO] Current time 2025-02-21T18:06:03.025.
[INFO] Elapsed time 427.0767560005188 seconds.
[INFO] Acceptance ratio 0.23687744140625.
[INFO] Number of proposed samples with infinite loglikelihood: 0 of the last 16384 iterations.
[INFO] Remaining time 604372.9232409 seconds
[INFO] Remaining iterations 470624
[INFO] Current sample [2.610018670134663, 7.913837851181169, 2.9185723019148018, 2.8768846068726948, 2.3205666540930268, 2.412050532755796, 2.3769394395084658, 2.0540865832560833, 1.4302304750786279, 1.4504562250581228, 1.242244798392137, 0.7664148128612737, 0.6434851898145031, 0.47520770048303745, 0.5447518723975061, 0.4972064704704009, -734.4897460684166].
[INFO] Current loglikelihood -724.309205588834.
[INFO] Iteration 376832.
[INFO] Current time 2025-02-21T18:06:23.585.
[INFO] Elapsed time 447.6373019218445 seconds.
[INFO] Acceptance ratio 0.23431396484375.
[INFO] Number of proposed samples with infinite loglikelihood: 0 of the last 16384 iterations.
[INFO] Remaining time 604352.3626949787 seconds
[INFO] Remaining iterations 454240
[INFO] Current sample [2.271463692626176, 8.674516189208106, 2.505173399878923, 2.6290267174955786, 2.389588744891671, 2.267602883718827, 2.1509251831879004, 2.0917135349262916, 1.5282313563373897, 1.3639697898959704, 1.294122425304054, 0.7840640996593131, 0.6441460378222807, 0.48895368375852194, 0.5195381614837781, 0.4840488514337256, -737.9189420277055].
[INFO] Current loglikelihood -730.4442146737971.
[INFO] Iteration 393216.
[INFO] Current time 2025-02-21T18:06:44.262.
[INFO] Elapsed time 468.3140540122986 seconds.
[INFO] Acceptance ratio 0.2376708984375.
[INFO] Number of proposed samples with infinite loglikelihood: 0 of the last 16384 iterations.
[INFO] Remaining time 604331.6859428883 seconds
[INFO] Remaining iterations 437856
[INFO] Current sample [1.9673763722547855, 9.25602661596227, 2.679085683118069, 2.9008679510552677, 2.557770562714443, 2.52084661302339, 2.2473694466820566, 2.1684442772751558, 1.522001919607365, 1.4113028598434345, 1.3041084667329228, 0.7684999458923909, 0.6465939035625337, 0.529094500135353, 0.5113116918369318, 0.5496170896234952, -733.6087156948703].
[INFO] Current loglikelihood -723.168648278271.
[INFO] Iteration 409600.
[INFO] Current time 2025-02-21T18:07:05.016.
[INFO] Elapsed time 489.0678069591522 seconds.
[INFO] Acceptance ratio 0.2353515625.
[INFO] Number of proposed samples with infinite loglikelihood: 0 of the last 16384 iterations.
[INFO] Remaining time 604310.9321899414 seconds
[INFO] Remaining iterations 421472
[INFO] Current sample [1.82842174737639, 9.112896301416182, 2.7118999084437134, 2.5441263062823367, 2.3024480866172534, 2.5698239255647217, 2.1573036162360033, 2.1022765078077352, 1.5152458233239294, 1.4044812616065818, 1.2952303950395834, 0.7980147989650471, 0.6472666194319786, 0.577756284583201, 0.48378321709371747, 0.5070412369980186, -735.4270706585102].
[INFO] Current loglikelihood -724.8004203660084.
[INFO] Iteration 425984.
[INFO] Current time 2025-02-21T18:07:25.781.
[INFO] Elapsed time 509.8325021266937 seconds.
[INFO] Acceptance ratio 0.23980712890625.
[INFO] Number of proposed samples with infinite loglikelihood: 0 of the last 16384 iterations.
[INFO] Remaining time 604290.1674940586 seconds
[INFO] Remaining iterations 405088
[INFO] Current sample [2.158168599156825, 9.918001668792886, 3.616153051998706, 3.295424423648631, 2.8712015032472245, 2.6424816621374814, 2.427444669054596, 2.2608265454544525, 1.5137595825895125, 1.4352437346696025, 1.3101250092949783, 0.7808325876136416, 0.6763941961983907, 0.4875039234491118, 0.5369936661322012, 0.475878375346929, -740.1708612680367].
[INFO] Current loglikelihood -726.5867126136865.
[INFO] Iteration 442368.
[INFO] Current time 2025-02-21T18:07:46.508.
[INFO] Elapsed time 530.5595331192017 seconds.
[INFO] Acceptance ratio 0.24212646484375.
[INFO] Number of proposed samples with infinite loglikelihood: 0 of the last 16384 iterations.
[INFO] Remaining time 604269.4404630661 seconds
[INFO] Remaining iterations 388704
[INFO] Current sample [2.1370608554278645, 7.599232051955843, 2.7577658804298077, 2.6326277298972736, 2.1431484974597765, 2.4511896700588895, 2.2055720102824448, 1.9646766462301695, 1.4516356225765716, 1.4145365734006632, 1.2822428985378007, 0.7667657040179954, 0.6617708203640535, 0.5876654076972572, 0.49081672252276154, 0.5975878003636094, -739.0372972984599].
[INFO] Current loglikelihood -728.8400263202632.
[INFO] Iteration 458752.
[INFO] Current time 2025-02-21T18:08:07.108.
[INFO] Elapsed time 551.1600730419159 seconds.
[INFO] Acceptance ratio 0.24066162109375.
[INFO] Number of proposed samples with infinite loglikelihood: 0 of the last 16384 iterations.
[INFO] Remaining time 604248.8399238586 seconds
[INFO] Remaining iterations 372320
[INFO] Current sample [2.49581271356203, 8.777690364078133, 3.2895506112524844, 2.6904397679169483, 2.5147200974206063, 2.750606818107286, 2.456033696139024, 2.224442906700023, 1.597672704427059, 1.4721859739511316, 1.248262811856963, 0.8040077776419873, 0.6499818495444111, 0.5181238727328923, 0.46405339157464287, 0.5098014413673558, -741.188998309358].
[INFO] Current loglikelihood -729.1115686602067.
[INFO] Iteration 475136.
[INFO] Current time 2025-02-21T18:08:27.759.
[INFO] Elapsed time 571.8108551502228 seconds.
[INFO] Acceptance ratio 0.2392578125.
[INFO] Number of proposed samples with infinite loglikelihood: 0 of the last 16384 iterations.
[INFO] Remaining time 604228.1891410351 seconds
[INFO] Remaining iterations 355936
[INFO] Current sample [2.5085690361756234, 7.232462363174813, 2.6466046558349756, 2.5119623911699445, 2.144972340168554, 2.2051811327963486, 2.389635701589198, 1.947637294597737, 1.413937104251433, 1.420146123541876, 1.2086860696065627, 0.7899670499346776, 0.6497455392233908, 0.5392350983467519, 0.5414877457792016, 0.5379899986017493, -737.1486245706634].
[INFO] Current loglikelihood -728.8261674858567.
[INFO] Iteration 491520.
[INFO] Current time 2025-02-21T18:08:48.491.
[INFO] Elapsed time 592.542809009552 seconds.
[INFO] Acceptance ratio 0.2442626953125.
[INFO] Number of proposed samples with infinite loglikelihood: 0 of the last 16384 iterations.
[INFO] Remaining time 604207.457187891 seconds
[INFO] Remaining iterations 339552
[INFO] Current sample [2.635016591875362, 10.173606346892369, 3.386734059103334, 3.273920680886685, 2.7696674423799994, 2.9481755019085707, 2.6960472197718266, 2.4609578770510208, 1.6221187804641062, 1.5542840747694613, 1.344101304266706, 0.7861365937581741, 0.5818299411841134, 0.48810460301368547, 0.477281403251607, 0.4373282614422163, -738.3177844828995].
[INFO] Current loglikelihood -724.028425099827.
[INFO] Iteration 507904.
[INFO] Current time 2025-02-21T18:09:09.243.
[INFO] Elapsed time 613.2951109409332 seconds.
[INFO] Acceptance ratio 0.24322509765625.
[INFO] Number of proposed samples with infinite loglikelihood: 0 of the last 16384 iterations.
[INFO] Remaining time 604186.7048859596 seconds
[INFO] Remaining iterations 323168
[INFO] Current sample [2.5697115468963796, 8.721139861643115, 2.9842477282909208, 2.81981428081655, 2.4841700083864704, 2.6322332964233213, 2.456942482402697, 2.2198805479864556, 1.4984471991215924, 1.4901822239319706, 1.283902103483415, 0.7706759514268124, 0.6303455401554099, 0.4635685740127784, 0.48665039219777906, 0.4228785605223862, -737.9600016235639].
[INFO] Current loglikelihood -727.5918021225732.
[INFO] Iteration 524288.
[INFO] Current time 2025-02-21T18:09:29.890.
[INFO] Elapsed time 633.9419250488281 seconds.
[INFO] Acceptance ratio 0.2435302734375.
[INFO] Number of proposed samples with infinite loglikelihood: 0 of the last 16384 iterations.
[INFO] Remaining time 604166.0580718517 seconds
[INFO] Remaining iterations 306784
[INFO] Current sample [2.262612214902684, 11.280586761646125, 2.7166033171092345, 2.9996197484387883, 2.7970964687285798, 2.7621060048965327, 2.6247034884533376, 2.429417582844755, 1.6527257057309688, 1.560970211453429, 1.3360372098348672, 0.8072366727019428, 0.6002438749940832, 0.45469859313507566, 0.4554884145915664, 0.44170155867698846, -736.7145241107282].
[INFO] Current loglikelihood -724.8485421562775.
[INFO] Iteration 540672.
[INFO] Current time 2025-02-21T18:09:50.605.
[INFO] Elapsed time 654.6573240756989 seconds.
[INFO] Acceptance ratio 0.24371337890625.
[INFO] Number of proposed samples with infinite loglikelihood: 0 of the last 16384 iterations.
[INFO] Remaining time 604145.3426718712 seconds
[INFO] Remaining iterations 290400
[INFO] Current sample [2.4262996686556724, 11.32569574211422, 4.015538510456377, 3.726022133172666, 2.8483581921021255, 2.73468199268876, 2.601066354916604, 2.341928401113013, 1.7664113425790071, 1.5897546355559808, 1.334922365227838, 0.7716016027475213, 0.6370002589503753, 0.4811084547569039, 0.43915153489745234, 0.42532444105905215, -740.0885514630953].
[INFO] Current loglikelihood -722.8016591377161.
[INFO] Iteration 557056.
[INFO] Current time 2025-02-21T18:10:11.288.
[INFO] Elapsed time 675.3394210338593 seconds.
[INFO] Acceptance ratio 0.2391357421875.
[INFO] Number of proposed samples with infinite loglikelihood: 0 of the last 16384 iterations.
[INFO] Remaining time 604124.6605758667 seconds
[INFO] Remaining iterations 274016
[INFO] Current sample [1.7675886307816064, 13.153632786656036, 3.42298686371077, 3.5358006727224534, 2.8733043190900593, 3.0293784994257473, 2.807788650062116, 2.5432341098298106, 1.8358049805963088, 1.5772047622575898, 1.428222989297166, 0.8139516398233552, 0.6644647886203154, 0.45858815999845126, 0.45374733214189134, 0.38022396962737953, -737.5891782687884].
[INFO] Current loglikelihood -719.4370923354466.
[INFO] Iteration 573440.
[INFO] Current time 2025-02-21T18:10:31.933.
[INFO] Elapsed time 695.9848740100861 seconds.
[INFO] Acceptance ratio 0.2384033203125.
[INFO] Number of proposed samples with infinite loglikelihood: 0 of the last 16384 iterations.
[INFO] Remaining time 604104.0151228905 seconds
[INFO] Remaining iterations 257632
[INFO] Current sample [2.249627440679596, 8.914462671918345, 3.294703365152944, 2.714254532739721, 2.6587134152088763, 2.4073067281108584, 2.3407292754396014, 2.194787129741827, 1.5047365135502007, 1.451960233069559, 1.2618281510115958, 0.772072832341601, 0.6272346585226104, 0.4873080363292716, 0.577727521447706, 0.4806449978428226, -739.413987594475].
[INFO] Current loglikelihood -727.2288532633008.
[INFO] Iteration 589824.
[INFO] Current time 2025-02-21T18:10:52.682.
[INFO] Elapsed time 716.733894109726 seconds.
[INFO] Acceptance ratio 0.239990234375.
[INFO] Number of proposed samples with infinite loglikelihood: 0 of the last 16384 iterations.
[INFO] Remaining time 604083.2661020756 seconds
[INFO] Remaining iterations 241248
[INFO] Current sample [1.5546464444110124, 11.492167543466326, 3.0344168836075114, 2.6559081831461784, 2.6038554451831994, 2.6457513140805826, 2.4832855310876063, 2.382870124093568, 1.675941200629845, 1.488802875303148, 1.3401780602565492, 0.869110894842162, 0.668539098934874, 0.5149602113590399, 0.46140536237861984, 0.41213145273331936, -739.346557360578].
[INFO] Current loglikelihood -726.3578653738664.
[INFO] Iteration 606208.
[INFO] Current time 2025-02-21T18:11:13.368.
[INFO] Elapsed time 737.4200489521027 seconds.
[INFO] Acceptance ratio 0.24505615234375.
[INFO] Number of proposed samples with infinite loglikelihood: 0 of the last 16384 iterations.
[INFO] Remaining time 604062.5799469948 seconds
[INFO] Remaining iterations 224864
[INFO] Current sample [2.055353664409994, 7.090388433510687, 2.3487589967368345, 2.4514017804894928, 2.0870649501301712, 2.264169580017674, 2.2785435182954052, 1.8749892743137382, 1.4311044103386639, 1.3022933548933822, 1.2419604176074617, 0.7747072088801765, 0.6978764298740067, 0.5620424768770096, 0.6812448289600002, 0.48247905805283314, -743.4649517632927].
[INFO] Current loglikelihood -735.1147343241936.
[INFO] Iteration 622592.
[INFO] Current time 2025-02-21T18:11:34.055.
[INFO] Elapsed time 758.107262134552 seconds.
[INFO] Acceptance ratio 0.24609375.
[INFO] Number of proposed samples with infinite loglikelihood: 0 of the last 16384 iterations.
[INFO] Remaining time 604041.8927340508 seconds
[INFO] Remaining iterations 208480
[INFO] Current sample [2.464921227749385, 7.57534027615171, 2.421158091085232, 2.5825084941700855, 2.182485567878166, 2.3774355462515255, 2.300252341748402, 2.0903875515698003, 1.4024609778459933, 1.385361158872094, 1.2731885494631983, 0.7550626168312631, 0.6845808997871283, 0.46855956252056813, 0.5318421618573864, 0.5934905597031478, -739.6198239660902].
[INFO] Current loglikelihood -730.1010641102667.
[INFO] Iteration 638976.
[INFO] Current time 2025-02-21T18:11:54.760.
[INFO] Elapsed time 778.8119940757751 seconds.
[INFO] Acceptance ratio 0.246337890625.
[INFO] Number of proposed samples with infinite loglikelihood: 0 of the last 16384 iterations.
[INFO] Remaining time 604021.1880030632 seconds
[INFO] Remaining iterations 192096
[INFO] Current sample [2.1462336517492107, 8.590565458949415, 2.8684160953403106, 2.7193001482670587, 2.4527186429320587, 2.5273016743220773, 2.321447850197526, 2.003009327525505, 1.5208553569643057, 1.375627569132407, 1.2752153298734257, 0.774814049357304, 0.6528016913544209, 0.5161238999970963, 0.502943249572657, 0.5329972015831262, -731.8324316721632].
[INFO] Current loglikelihood -723.5137408961077.
[INFO] Iteration 655360.
[INFO] Current time 2025-02-21T18:12:15.490.
[INFO] Elapsed time 799.5422410964966 seconds.
[INFO] Acceptance ratio 0.2410888671875.
[INFO] Number of proposed samples with infinite loglikelihood: 0 of the last 16384 iterations.
[INFO] Remaining time 604000.4577560425 seconds
[INFO] Remaining iterations 175712
[INFO] Current sample [3.693064708921627, 6.5241648812991775, 2.6463786068574104, 2.6977160300329346, 2.2475579686806877, 2.524769743530719, 2.528421068663069, 1.969853701044555, 1.426607486210245, 1.3936232080069053, 1.1536741472164032, 0.6816097600306448, 0.6022890232277769, 0.46551641420340173, 0.546945198769749, 0.5200194706091753, -741.0789193925922].
[INFO] Current loglikelihood -731.6113360252136.
[INFO] Iteration 671744.
[INFO] Current time 2025-02-21T18:12:36.220.
[INFO] Elapsed time 820.2716240882874 seconds.
[INFO] Acceptance ratio 0.23748779296875.
[INFO] Number of proposed samples with infinite loglikelihood: 0 of the last 16384 iterations.
[INFO] Remaining time 603979.7283730507 seconds
[INFO] Remaining iterations 159328
[INFO] Current sample [2.5127704497360974, 8.344561303155082, 2.313193033233446, 2.779688639409492, 2.309921084811259, 2.5081204899524634, 2.3502356230969346, 2.181233791261148, 1.5744108855583792, 1.4250611217693823, 1.2641894769269102, 0.7168006563396216, 0.6471453003303794, 0.5089629421803813, 0.5241003253789294, 0.5086885480351895, -736.7828170224806].
[INFO] Current loglikelihood -725.8848012878319.
[INFO] Iteration 688128.
[INFO] Current time 2025-02-21T18:12:56.852.
[INFO] Elapsed time 840.9042689800262 seconds.
[INFO] Acceptance ratio 0.2412109375.
[INFO] Number of proposed samples with infinite loglikelihood: 0 of the last 16384 iterations.
[INFO] Remaining time 603959.0957279205 seconds
[INFO] Remaining iterations 142944
[INFO] Current sample [2.0035749113344012, 11.087290349244094, 2.607927231986676, 2.565326290174379, 2.4406935755148385, 2.645899024118556, 2.815014014200707, 2.356694818339487, 1.7206001524972439, 1.5217773334226554, 1.3889047523815528, 0.8131669963649085, 0.6549186522563462, 0.49075944613407885, 0.4526354402775168, 0.44002898350358516, -740.8570972018005].
[INFO] Current loglikelihood -728.9156162585547.
[INFO] Iteration 704512.
[INFO] Current time 2025-02-21T18:13:17.470.
[INFO] Elapsed time 861.5214941501617 seconds.
[INFO] Acceptance ratio 0.24786376953125.
[INFO] Number of proposed samples with infinite loglikelihood: 0 of the last 16384 iterations.
[INFO] Remaining time 603938.4785029888 seconds
[INFO] Remaining iterations 126560
[INFO] Current sample [2.4804053973454825, 10.533571538161599, 3.027362347875431, 3.2699877218532007, 2.5664808580704626, 2.641726467020628, 2.7034693675952024, 2.304140274963411, 1.618386163225814, 1.59125371516419, 1.3464067512040285, 0.7876032116477824, 0.6245762906674823, 0.48139230007534717, 0.4858191415978, 0.41306487513445445, -738.8743040913758].
[INFO] Current loglikelihood -723.9044775432635.
[INFO] Iteration 720896.
[INFO] Current time 2025-02-21T18:13:38.132.
[INFO] Elapsed time 882.183629989624 seconds.
[INFO] Acceptance ratio 0.23828125.
[INFO] Number of proposed samples with infinite loglikelihood: 0 of the last 16384 iterations.
[INFO] Remaining time 603917.8163669109 seconds
[INFO] Remaining iterations 110176
[INFO] Current sample [2.10502123874532, 8.821275510474358, 2.8083760644235993, 2.83152445249886, 2.3135608457747567, 2.364831811865731, 2.2833443368778408, 2.079640751815307, 1.5911748792833438, 1.3909623232333794, 1.2624751104688485, 0.7572197766286486, 0.6499431094563383, 0.5471540529518931, 0.47324208966610776, 0.5161531740043792, -734.5580904243564].
[INFO] Current loglikelihood -725.2952109404739.
[INFO] Iteration 737280.
[INFO] Current time 2025-02-21T18:13:58.770.
[INFO] Elapsed time 902.8217351436615 seconds.
[INFO] Acceptance ratio 0.2371826171875.
[INFO] Number of proposed samples with infinite loglikelihood: 0 of the last 16384 iterations.
[INFO] Remaining time 603897.1782619953 seconds
[INFO] Remaining iterations 93792
[INFO] Current sample [2.368717047033209, 6.931181753381581, 2.202886571874246, 2.394984745561984, 1.958903387766365, 2.266862637374578, 2.204279943653415, 1.9048625307065337, 1.453667011202631, 1.349675541725078, 1.2122629191794683, 0.7210365385626811, 0.6759304630136109, 0.5012501037415471, 0.5741288864804243, 0.6293485571024694, -736.7543398838741].
[INFO] Current loglikelihood -728.5574603761678.
[INFO] Iteration 753664.
[INFO] Current time 2025-02-21T18:14:19.810.
[INFO] Elapsed time 923.8617060184479 seconds.
[INFO] Acceptance ratio 0.2476806640625.
[INFO] Number of proposed samples with infinite loglikelihood: 0 of the last 16384 iterations.
[INFO] Remaining time 603876.1382780075 seconds
[INFO] Remaining iterations 77408
[INFO] Current sample [3.1738613630473513, 8.01375062409419, 3.11418079106224, 3.155901389293099, 2.7285216004203834, 2.6670466930239054, 2.324004087435818, 2.1852668133007414, 1.553174757691202, 1.5285026383620381, 1.2292584918529461, 0.7364547410571094, 0.6156356822126998, 0.48223461069616946, 0.5750450450298068, 0.44638235275966637, -741.9249324738839].
[INFO] Current loglikelihood -732.3338116598743.
[INFO] Iteration 770048.
[INFO] Current time 2025-02-21T18:14:40.081.
[INFO] Elapsed time 944.1332271099091 seconds.
[INFO] Acceptance ratio 0.2403564453125.
[INFO] Number of proposed samples with infinite loglikelihood: 0 of the last 16384 iterations.
[INFO] Remaining time 603855.8667628765 seconds
[INFO] Remaining iterations 61024
[INFO] Current sample [1.8161776023056506, 11.072512028955426, 3.113767261813582, 2.8994305268297937, 2.416566136907081, 2.655286075623729, 2.5326111835865714, 2.2778833294348644, 1.7255384790252295, 1.448750182900568, 1.3772865842555615, 0.8409863253982552, 0.66014328440224, 0.4904088289327871, 0.4928030155103717, 0.48180631770313675, -736.8154076840152].
[INFO] Current loglikelihood -723.8255388065879.
[INFO] Iteration 786432.
[INFO] Current time 2025-02-21T18:15:00.865.
[INFO] Elapsed time 964.9169211387634 seconds.
[INFO] Acceptance ratio 0.2476806640625.
[INFO] Number of proposed samples with infinite loglikelihood: 0 of the last 16384 iterations.
[INFO] Remaining time 603835.0830760002 seconds
[INFO] Remaining iterations 44640
[INFO] Current sample [2.0046282781917406, 8.597812034452453, 2.78398266240755, 2.728074795039651, 2.3020594948715893, 2.5348895978220023, 2.3107327299685236, 2.02849481605918, 1.5670269756908488, 1.416681498872365, 1.2385260890731669, 0.8022017222065575, 0.6411668917640679, 0.5472150637300064, 0.5388579987536462, 0.5206170022237583, -733.2466686831605].
[INFO] Current loglikelihood -724.1151450054408.
[INFO] Iteration 802816.
[INFO] Current time 2025-02-21T18:15:21.584.
[INFO] Elapsed time 985.6361360549927 seconds.
[INFO] Acceptance ratio 0.2451171875.
[INFO] Number of proposed samples with infinite loglikelihood: 0 of the last 16384 iterations.
[INFO] Remaining time 603814.3638608456 seconds
[INFO] Remaining iterations 28256
[INFO] Current sample [2.1785485568709273, 9.391745480849112, 2.9957858449598223, 2.857763718368794, 2.313081322852796, 2.507387270287779, 2.3847638292967224, 2.209725559753512, 1.602282651024391, 1.3964247382081019, 1.2638279106326378, 0.7666653666260805, 0.6513834011489331, 0.48717087663660325, 0.5465840149565517, 0.49896425712098896, -734.4276602670708].
[INFO] Current loglikelihood -723.2388506691705.
[INFO] Iteration 819200.
[INFO] Current time 2025-02-21T18:15:42.503.
[INFO] Elapsed time 1006.5544581413269 seconds.
[INFO] Acceptance ratio 0.24151611328125.
[INFO] Number of proposed samples with infinite loglikelihood: 0 of the last 16384 iterations.
[INFO] Remaining time 603793.445538044 seconds
[INFO] Remaining iterations 11872
[INFO] Current sample [2.5393842845337735, 9.21174873719485, 2.87317060377056, 2.997282159351864, 2.588066852339916, 2.619423045537005, 2.301421875102779, 2.218991295776812, 1.5321408005848833, 1.4731527014069916, 1.2913829902497997, 0.7699612477347438, 0.6450505284712754, 0.4801599073251384, 0.5253041587241993, 0.45185552759828174, -734.4084593963378].
[INFO] Current loglikelihood -724.0337312405996.
[INFO] Iteration 831072.
[INFO] Current time 2025-02-21T18:15:57.362.
[INFO] Elapsed time 1021.4141631126404 seconds.
[INFO] Acceptance ratio 0.24317722371967654.
[INFO] Number of proposed samples with infinite loglikelihood: 0 of the last 11872 iterations.
[INFO] Remaining time 603778.5858340263 seconds
[INFO] Remaining iterations 0
[INFO] Current sample [2.414527720643827, 8.19879939278681, 2.878040846478962, 2.7005958215678705, 2.223587533915643, 2.403046379063072, 2.1102770239643833, 2.119928850705106, 1.5775782270657466, 1.4036237541695056, 1.3035731741425078, 0.7640909524492482, 0.651010956964989, 0.5310414798755249, 0.5327442048872673, 0.5656757715162979, -738.5969368282402].
[INFO] Current loglikelihood -728.9421098343462.
[INFO] END STATUS
[INFO]     current time 2025-02-21T18:15:57.438.
[INFO]     elapsed time: 1021.4903290271759 seconds.
[INFO]     timeout: false.
[INFO]     max iters reached: true.
[INFO]     number of unique samples: 197498.
[INFO]     number of proposed samples with infinite loglikelihood: 0
[INFO]     samples filesize:
[INFO]         header: 3 (24 bytes).
[INFO]         samples: 883014.0 (113025792 bytes).
[INFO]         total: 113025816 bytes (eof at 113025816).
[INFO]     MH Config:
[INFO]         samples_write_buffer_size: 16384
[INFO]         samples_write_file: data/vic_covid_kalman_param_samples.f64_array.bin
[INFO]         maxiters: 831072
[INFO]         nparams: 16
[INFO]         max_time_sec: 604800.0
[INFO]         init_sample: [1.9702021026565733, 7.947063333951174, 2.214743332299293, 2.6967066321185844, 2.167452882032263, 2.359025973872552, 2.1045936334458486, 1.9690462905306627, 1.4794144545843726, 1.3941797483724367, 1.2432786509359939, 0.7641490313968745, 0.6729689849702709, 0.5254615752270348, 0.5538658257704514, 0.6020087633774175]
[INFO]         verbose: true
[INFO]         info_file: data/vic_covid_kalman.info.txt
[INFO]         adaptive: true
[INFO]         nadapt: 131072
[INFO]         adapt_cov_scale: 0.34
[INFO]         continue_from_write_file: false
